9276
9286
9790
9512
9685
9319
9579
9503
9371
9644
9297
9065
9950
9816
9439
9396
9448
9066
9358
9777
9553
9557
9957
9055
9222
9409
9582
9630
9375
9966
9709
9546
9719
9890
9575
9310
9774
9878
9737
9607
9057
9936
9642
9178
9966
9428
9690
9739
9354
9333
9942
9966
9927
9461
9584
9266
9616
9683
9487
9247
9786
9593
9717
9554
9698
9408
9664
9012
9945
9299
9516
9825
9689
9834
9175
9901
9379
9661
9362
9269
9319
9073
9561
9924
9858
9652
9672
9387
9231
9736
9725
9724
9046
9083
9770
9754
9221
9715
9104
9709
9720
9601
9339
9657
9794
9547
9406
9606
9558
9353
9490
9280
9625
9104
9078
9272
9239
9205
9723
9393
9782
9624
9901
9808
9814
9646
9323
9734
9809
9326
9382
9311
9585
9745
9981
9512
9009
9122
9857
9816
9940
9804
9660
9746
9526
9178
9450
9251
9902
9574
9006
9358
9085
9318
9312
9477
9325
9170
9834
9228
9474
9545
9800
9710
9000
9061
9465
9640
9117
9159
9493
9923
9105
9767
9970
9820
9348
9246
9222
9004
9751
9135
9586
9510
9218
9532
9507
9780
9583
9330
9845
9748
9945
9853
9083
9184
9661
9921
9210
9325
9344
9758
9398
9160
9093
9680
9243
9589
9844
9980
9270
9107
9147
9984
9589
9548
9936
9803
9091
9937
9807
9948
9324
9454
9148
9551
9256
9051
9001
9659
9437
9324
9892
9724
9711
9817
9978
9150
9489
9071
9794
9533
9796
9352
9541
9988
9738
9206
9339
9821
9781
9680
9130
9604
9251
9285
9932
9649
9757
9584
9959
9748
9809
9551
9735
9026
9802
9716
9687
9695
9615
9466
9861
9558
9568
9777
9357
9081
9116
9066
9782
9005
9709
9846
9544
9495
9453
9330
9047
9010
9807
9161
9978
9219
9339
9020
9655
9493
9706
9925
9075
9722
9390
9662
9690
9476
9414
9953
9125
9810
9200
9619
9047
9337
9982
9229
9094
9548
9692
9459
9371
9743
9029
9676
9273
9336
9534
9032
9534
9776
9803
9732
9242
9764
9654
9979
9260
9992
9967
9513
9871
9136
9128
9585
9751
9435
9486
9666
9329
9777
9001
9196
9389
9840
9313
9196
9336
9518
9797
9612
9891
9546
9748
9863
9107
9969
9781
9174
9493
9861
9656
9933
9741
9479
9230
9468
9015
9888
9940
9387
9994
9896
9273
9845
9918
9072
9939
9867
9692
9513
9075
9199
9679
9953
9652
9951
9229
9833
9392
9694
9097
9903
9951
9568
9893
9020
9795
9376
9379
9833
9203
9611
9978
9177
9098
9867
9088
9128
9940
9070
9912
9819
9760
9584
9316
9327
9511
9258
9876
9183
9315
9171
9679
9275
9856
9931
9627
9245
9104
9080
9967
9780
9831
9385
9511
9563
9846
9505
9565
9008
9724
9834
9872
9358
9836
9100
9982
9132
9889
9643
9350
9418
9799
9179
9086
9981
9649
9226
9769
9741
9697
9333
9897
9699
9879
9683
9608
9028
9009
9662
9033
9664
9940
9486
9257
9399
9281
9057
9156
9172
9850
9782
9555
9987
9973
9230
9019
9643
9878
9132
9306
9252
9900
9427
9957
9342
9962
9751
9768
9183
9783
9025
9920
9891
9598
9563
9326
9732
9714
9434
9407
9044
9133
9637
9822
9131
9562
9028
9878
9514
9607
9833
9269
9969
9602
9012
9507
9826
9554
9699
9920
9144
9910
9439
9374
9469
9434
9966
9916
9086
9299
9815
9433
9842
9589
9178
9975
9865
9845
9970
9865
9751
9902
9300
9865
9080
9276
9153
9654
9462
9551
9347
9617
9635
9759
9540
9491
9557
9533
9370
9702
9808
9886
9581
9351
9111
9858
9350
9657
9215
9869
9895
9341
9924
9580
9826
9866
9570
9253
9653
9663
9830
9070
9322
9483
9353
9671
9623
9795
9331
9192
9882
9708
9783
9420
9342
9240
9053
9300
9295
9900
9701
9909
9089
9425
9786
9200
9806
9237
9266
9250
9607
9622
9114
9508
9397
9911
9576
9536
9773
9965
9876
9042
9943
9063
9606
9584
9633
9926
9977
9176
9821
9944
9074
9184
9528
9847
9292
9307
9770
9023
9137
9143
9221
9357
9678
9850
9093
9009
9025
9639
9238
9807
9331
9415
9491
9010
9006
9699
9847
9028
9007
9079
9120
9311
9302
9815
9389
9050
9862
9923
9665
9482
9841
9988
9874
9600
9895
9219
9519
9793
9973
9741
9057
9489
9276
9960
9365
9168
9519
9879
9427
9241
9036
9617
9740
9127
9803
9038
9795
9545
9898
9293
9385
9468
9523
9301
9430
9397
9227
9685
9466
9639
9605
9417
9937
9016
9378
9515
9963
9037
9410
9421
9301
9883
9927
9337
9804
9689
9933
9666
9814
9511
9552
9876
9558
9067
9862
9577
9805
9783
9551
9321
9756
9974
9630
9647
9375
9955
9278
9224
9149
9757
9846
9463
9574
9680
9970
9913
9480
9291
9719
9801
9717
9650
9742
9590
9575
9478
9369
9070
9777
9689
9745
9508
9833
9225
9142
9648
9037
9415
9738
9900
9411
9122
9322
9880
9463
9810
9583
9572
9700
9292
9848
9797
9474
9285
9420
9305
9874
9150
9937
9813
9051
9108
9510
9490
9609
9014
9728
9960
9384
9276
9027
9653
9268
9830
9328
9431
9490
9189
9272
9777
9129
9440
9897
9469
9505
9719
9084
9583
9467
9162
9637
9893
9573
9515
9453
9181
9559
9607
9827
9791
9546
9661
9568
9750
9926
9999
9276
9163
9916
9015
9827
9156
9389
9441
9823
9558
9682
9831
9552
9676
9732
9859
9765
9977
9092
9527
9415
9219
9065
9605
9346
9593
9452
9671
9824
9735
9188
9925
9672
9057
9431
9552
9782
9684
9522
9780
9694
9441
9581
9934
9971
9764
9435
9738
9142
9086
9975
9821
9049
9274
9012
9896
9516
9908
9199
9355
9443
9800
9606
9085
9537
9930
9095
9180
9120
9113
9715
9796
9681
9095
9981
9874
9088
9453
9019
9575
9660
9620
9269
9296
9651
9600
9632
9849
9001
9450
9686
9943
9652
9401
9896
9405
9085
9582
9521
9674
9221
9654
9268
9999
9287
9306
9617
9385
9767
9516
9133
9818
9082
9629
9016
9492
9239
9845
9597
9759
9264
9443
9483
9324
9893
9125
9587
9759
9640
9197
9320
