241
293
866
894
789
815
565
714
845
364
209
306
973
817
766
857
224
470
231
896
465
603
483
592
540
152
24
51
973
668
16
488
375
529
736
863
994
250
630
830
853
619
391
599
758
273
129
631
29
318
483
928
208
544
757
25
135
788
495
722
732
85
689
993
547
253
753
498
629
717
670
600
554
474
289
818
528
288
561
201
291
386
596
210
226
164
861
284
420
663
465
439
681
870
456
923
421
214
294
169
120
0
151
998
576
861
537
364
491
790
766
652
8
700
204
969
730
966
825
656
359
914
565
701
572
755
137
642
964
19
482
10
860
189
782
373
620
812
7
530
601
78
311
514
286
528
184
586
222
281
180
582
322
946
191
573
752
151
709
17
117
459
245
269
910
292
95
570
191
358
928
408
320
999
277
448
128
833
840
70
309
8
672
909
942
448
746
712
44
447
81
238
708
95
620
895
944
97
290
313
572
666
253
43
617
370
158
188
478
977
330
776
779
600
224
391
213
665
135
655
885
555
119
877
616
81
306
392
444
278
316
825
55
434
277
846
239
650
10
724
505
679
348
375
920
295
148
442
841
906
512
349
704
713
919
207
188
247
474
903
147
759
214
708
417
530
506
246
210
863
850
747
149
211
54
74
92
604
606
131
855
320
264
932
562
526
333
756
902
425
820
566
743
323
695
67
645
882
773
599
596
773
307
334
905
861
257
86
551
47
322
442
448
904
264
768
31
269
742
133
284
31
873
100
818
472
987
885
918
626
611
347
509
305
521
884
871
629
844
349
515
136
547
766
89
777
357
729
330
435
79
78
71
893
545
652
53
539
914
650
832
491
865
422
372
215
290
312
30
190
457
495
489
615
264
657
872
690
106
722
710
529
108
788
630
328
946
897
671
47
238
234
878
444
565
907
420
20
471
484
795
88
431
72
834
938
658
834
117
799
787
479
83
118
945
472
617
475
429
373
128
318
241
13
171
581
41
938
466
164
633
906
795
199
971
14
592
11
821
427
225
675
627
584
911
130
833
167
896
871
906
86
67
337
568
247
423
268
294
867
904
444
950
664
922
429
580
355
553
174
720
482
780
576
304
757
339
402
165
803
706
282
394
346
507
859
310
707
175
534
612
665
973
684
354
609
613
673
743
208
579
438
404
712
900
962
684
386
575
472
763
514
69
779
830
868
295
771
339
548
276
709
437
583
261
655
935
799
395
15
859
974
175
970
468
495
841
260
816
309
527
637
397
203
463
73
117
114
798
701
902
434
603
322
489
55
467
248
589
186
673
183
418
823
307
824
765
128
851
882
179
845
687
242
562
356
733
88
440
886
853
882
449
918
46
235
126
857
409
900
917
554
771
255
434
405
480
936
369
326
267
491
169
81
264
231
504
103
253
794
812
175
959
257
728
68
732
43
969
516
282
264
375
710
222
611
122
823
53
350
783
976
876
519
847
398
567
946
491
535
349
282
887
252
729
843
115
336
505
705
766
965
168
133
676
917
308
140
836
854
812
708
405
132
509
933
929
257
639
176
338
263
958
99
10
16
579
340
208
695
649
448
513
451
793
612
433
590
849
689
243
415
794
983
239
272
900
249
31
231
143
448
186
237
543
822
528
586
682
993
656
3
871
897
820
692
538
541
67
229
245
773
756
287
354
467
854
798
784
802
161
284
492
582
520
805
261
890
340
145
159
700
254
639
524
476
529
284
697
170
947
607
764
524
214
82
490
6
602
782
252
263
465
309
236
488
446
27
378
682
709
38
526
374
273
374
88
42
586
360
984
79
799
213
82
900
814
465
413
482
72
974
355
400
216
905
696
211
218
241
929
845
312
116
393
551
50
496
895
782
153
495
294
351
346
938
77
133
292
619
367
552
810
49
951
103
59
413
843
228
8
875
641
875
548
328
407
255
827
192
108
351
981
863
713
997
217
11
863
441
350
971
702
632
273
106
813
644
505
193
439
0
934
509
91
947
95
569
450
103
834
165
949
269
28
647
771
627
87
193
84
973
341
156
193
132
48
425
981
195
673
163
414
769
332
191
125
990
714
772
86
669
628
519
173
554
323
694
959
375
83
211
454
22
199
243
616
943
309
464
361
597
285
576
506
602
282
999
520
20
305
254
255
94
679
877
801
622
89
423
480
68
432
446
545
472
615
197
563
169
532
107
581
374
907
56
137
694
381
855
904
718
211
312
222
945
209
765
94
423
108
980
262
653
358
876
829
506
475
607
520
116
455
174
90
2
441
877
556
911
768
589
916
257
776
66
771
324
275
229
