1780
1835
1342
1650
1218
1868
1234
1261
1966
1559
1534
1647
1181
1527
1291
1162
1517
1422
1874
1496
1216
1593
1400
1251
1623
1384
1153
1554
1651
1232
1110
1720
1535
1307
1796
1511
1751
1163
1981
1583
1347
1524
1351
1304
1026
1063
1189
1253
1264
1811
1263
1337
1410
1595
1574
1674
1186
1750
1352
1076
1277
1178
1707
1212
1705
1746
1644
1339
1515
1877
1717
1731
1881
1200
1468
1842
1138
1043
1945
1561
1369
1594
1986
1821
1155
1594
1703
1292
1773
1483
1554
1791
1669
1039
1659
1586
1291
1664
1590
1771
1422
1657
1654
1445
1036
1006
1842
1526
1275
1430
1969
1635
1601
1716
1229
1650
1326
1627
1339
1197
1725
1025
1660
1560
1654
1169
1242
1248
1169
1565
1489
1708
1906
1134
1253
1502
1132
1924
1522
1587
1195
1060
1489
1210
1813
1152
1735
1339
1038
1898
1448
1457
1972
1205
1102
1041
1311
1761
1755
1009
1573
1590
1216
1972
1425
1843
1618
1152
1874
1713
1585
1444
1220
1136
1021
1207
1550
1681
1790
1996
1283
1817
1937
1679
1697
1572
1895
1033
1664
1457
1105
1213
1819
1408
1782
1217
1222
1398
1150
1809
1151
1356
1311
1177
1065
1955
1074
1983
1897
1896
1472
1358
1810
1307
1423
1820
1250
1971
1945
1074
1633
1210
1646
1109
1286
1354
1706
1083
1337
1913
1441
1992
1068
1768
1619
1241
1904
1900
1116
1835
1581
1475
1144
1068
1262
1343
1262
1254
1317
1374
1602
1280
1228
1391
1264
1477
1640
1826
1629
1602
1862
1677
1428
1506
1242
1748
1743
1439
1694
1672
1785
1750
1326
1696
1192
1215
1559
1756
1823
1082
1330
1960
1469
1446
1996
1150
1713
1509
1313
1924
1182
1859
1452
1075
1792
1890
1338
1186
1168
1141
1745
1776
1351
1403
1456
1201
1024
1107
1529
1280
1009
1698
1135
1441
1455
1384
1715
1031
1206
1929
1232
1340
1109
1898
1081
1762
1604
1096
1861
1514
1805
1754
1541
1255
1427
1411
1744
1019
1310
1312
1796
1847
1035
1602
1905
1644
1081
1527
1344
1825
1248
1372
1794
1502
1630
1879
1056
1085
1228
1436
1196
1409
1425
1443
1813
1679
1933
1833
1518
1826
1476
1931
1912
1137
1452
1460
1309
1339
1038
1762
1216
1687
1726
1010
1095
1965
1063
1482
1269
1757
1469
1764
1897
1754
1338
1097
1859
1376
1305
1924
1013
1466
1447
1141
1740
1375
1418
1425
1923
1319
1990
1536
1486
1492
1241
1427
1408
1054
1689
1569
1711
1777
1972
1918
1228
1832
1325
1551
1116
1920
1959
1129
1970
1715
1641
1967
1087
1380
1228
1693
1897
1725
1630
1192
1827
1446
1701
1745
1909
1751
1871
1092
1230
1608
1873
1407
1954
1791
1819
1059
1979
1867
1002
1342
1494
1300
1210
1321
1592
1863
1084
1321
1868
1633
1987
1570
1377
1950
1155
1002
1655
1842
1425
1242
1537
1595
1696
1351
1377
1338
1335
1006
1877
1737
1194
1399
1152
1163
1535
1281
1855
1972
1119
1287
1128
1874
1982
1847
1934
1704
1877
1775
1813
1305
1235
1867
1467
1640
1506
1666
1632
1701
1149
1886
1589
1254
1163
1837
1330
1979
1969
1626
1824
1093
1677
1808
1039
1120
1230
1635
1402
1073
1709
1057
1135
1954
1120
1120
1490
1125
1302
1508
1223
1828
1231
1515
1819
1825
1860
1888
1830
1922
1831
1613
1426
1896
1831
1898
1693
1210
1100
1325
1489
1696
1644
1385
1690
1328
1958
1374
1463
1083
1676
1957
1811
1843
1425
1506
1015
1284
1277
1736
1728
1683
1647
1017
1455
1636
1159
1187
1833
1731
1019
1680
1652
1343
1664
1212
1834
1837
1047
1373
1645
1625
1702
1955
1261
1752
1879
1984
1442
1869
1408
1013
1472
1736
1644
1404
1701
1694
1774
1982
1016
1843
1027
1681
1294
1031
1824
1538
1446
1146
1728
1643
1956
1606
1094
1501
1926
1392
1726
1561
1503
1461
1457
1553
1237
1852
1493
1673
1337
1383
1589
1577
1027
1364
1583
1623
1211
1378
1596
1781
1399
1826
1253
1146
1481
1555
1600
1079
1189
1641
1017
1550
1309
1071
1305
1391
1528
1870
1304
1829
1550
1992
1848
1822
1546
1094
1622
1458
1284
1219
1448
1907
1292
1237
1899
1192
1231
1845
1653
1358
1253
1868
1897
1440
1502
1572
1220
1016
1032
1712
1866
1023
1429
1081
1901
1936
1059
1397
1859
1389
1433
1464
1685
1802
1425
1677
1342
1591
1154
1113
1273
1120
1183
1638
1038
1611
1323
1687
1816
1871
1718
1645
1145
1829
1095
1034
1222
1566
1028
1029
1345
1717
1804
1206
1537
1902
1025
1767
1270
1065
1390
1939
1211
1456
1191
1668
1322
1308
1940
1223
1271
1102
1193
1807
1019
1778
1086
1854
1691
1103
1304
1218
1273
1935
1225
1087
1492
1068
1730
1098
1255
1900
1785
1761
1353
1202
1182
1029
1768
1857
1012
1556
1781
1564
1305
1964
1282
1140
1992
1214
1113
1249
1793
1991
1034
1071
1893
1902
1886
1708
1309
1119
1867
1858
1643
1057
1368
1624
1540
1600
1715
1138
1513
1367
1281
1066
1990
1533
1877
1959
1336
1747
1995
1824
1366
1756
1521
1285
1328
1464
1740
1158
1644
1280
1049
1333
1741
1760
1608
1364
1168
1774
1250
1302
1806
1628
1400
1877
1382
1846
1395
1328
1711
1605
1570
1835
1032
1129
1688
1713
1565
1713
1843
1308
1956
1424
1727
1755
1582
1934
1256
1621
1782
1410
1893
1743
1959
1837
1673
1473
1159
1667
1818
1930
1162
1247
1070
1784
1348
1013
1352
1561
1600
1075
1096
1472
1283
1427
1684
1253
1911
1697
1724
1594
1447
1040
1523
1315
1322
1502
1010
1542
1151
1958
1508
1815
1819
1493
1254
1237
1084
1930
1251
1450
1089
1075
1092
1521
1208
1093
1676
1555
1466
1395
1308
1169
1367
1317
1563
1806
1343
1877
1398
1230
1188
1897
1456
1433
1783
1819
1177
1636
1140
1596
1347
1012
1293
1194
1956
1256
1836
1291
1799
1154
1993
1022
1083
1857
