2929
2728
2406
2653
2644
2949
2872
2648
2206
2145
2770
2916
2258
2905
2220
2359
2711
2753
2387
2733
2273
2982
2432
2031
2020
2349
2110
2706
2502
2895
2052
2983
2990
2541
2100
2914
2338
2672
2719
2618
2596
2358
2422
2612
2936
2436
2360
2038
2699
2247
2703
2048
2338
2417
2220
2637
2841
2698
2494
2694
2773
2575
2548
2125
2415
2010
2276
2487
2604
2451
2947
2674
2811
2960
2239
2866
2630
2144
2697
2119
2383
2357
2269
2687
2741
2517
2561
2418
2335
2757
2780
2333
2123
2042
2882
2803
2872
2835
2329
2583
2505
2881
2992
2318
2214
2156
2146
2051
2158
2111
2229
2678
2329
2373
2009
2268
2625
2199
2076
2655
2471
2083
2113
2727
2406
2117
2242
2415
2868
2857
2851
2440
2063
2728
2682
2516
2184
2200
2661
2852
2476
2316
2872
2484
2559
2430
2352
2145
2219
2388
2854
2187
2374
2755
2569
2275
2275
2134
2845
2427
2044
2020
2308
2298
2575
2167
2448
2450
2466
2908
2635
2799
2064
2429
2741
2310
2964
2581
2035
2497
2284
2380
2783
2291
2811
2021
2025
2331
2695
2864
2332
2813
2707
2569
2972
2614
2192
2269
2786
2521
2777
2430
2250
2047
2557
2865
2668
2500
2968
2129
2161
2678
2812
2453
2146
2804
2910
2186
2276
2110
2694
2688
2421
2739
2627
2511
2105
2536
2732
2730
2971
2598
2654
2265
2258
2409
2631
2076
2981
2782
2446
2206
2506
2809
2967
2721
2450
2502
2144
2756
2404
2843
2379
2018
2805
2508
2075
2310
2384
2621
2756
2864
2016
2520
2560
2523
2474
2638
2137
2103
2526
2327
2887
2601
2070
2625
2288
2254
2517
2725
2553
2829
2397
2190
2188
2972
2303
2742
2113
2850
2585
2804
2889
2834
2885
2845
2234
2448
2524
2960
2481
2371
2942
2069
2810
2843
2888
2566
2129
2431
2818
2251
2227
2736
2012
2889
2406
2295
2257
2824
2132
2634
2514
2618
2390
2139
2955
2855
2296
2182
2832
2857
2262
2739
2188
2264
2428
2522
2082
2126
2360
2552
2064
2425
2030
2932
2903
2672
2918
2535
2181
2588
2646
2240
2187
2665
2975
2345
2728
2802
2099
2780
2867
2097
2156
2797
2311
2304
2564
2878
2168
2445
2308
2700
2040
2534
2578
2139
2979
2414
2221
2460
2665
2251
2329
2023
2258
2334
2887
2079
2794
2414
2830
2479
2635
2017
2045
2414
2477
2783
2816
2623
2611
2153
2962
2850
2691
2433
2466
2738
2027
2547
2680
2739
2519
2611
2305
2072
2706
2771
2215
2255
2040
2641
2863
2212
2423
2056
2407
2536
2242
2808
2970
2023
2632
2469
2409
2230
2464
2419
2750
2409
2582
2713
2042
2856
2176
2476
2690
2413
2757
2102
2472
2568
2115
2660
2364
2380
2792
2537
2943
2231
2078
2564
2669
2225
2264
2541
2537
2932
2888
2361
2667
2024
2041
2674
2188
2291
2340
2358
2381
2460
2075
2898
2409
2220
2140
2124
2138
2862
2816
2699
2467
2993
2145
2125
2324
2840
2653
2042
2981
2769
2416
2071
2620
2786
2032
2466
2147
2936
2885
2412
2096
2726
2182
2895
2090
2914
2671
2664
2740
2283
2584
2979
2039
2284
2320
2520
2282
2768
2621
2017
2315
2390
2509
2936
2399
2625
2037
2809
2352
2774
2006
2620
2664
2769
2146
2970
2213
2084
2910
2637
2819
2537
2935
2543
2342
2334
2465
2046
2239
2279
2465
2975
2503
2636
2975
2786
2665
2835
2251
2764
2149
2795
2616
2234
2565
2403
2511
2351
2682
2384
2166
2133
2726
2543
2454
2072
2325
2191
2956
2832
2907
2342
2018
2236
2592
2156
2555
2030
2671
2970
2710
2638
2558
2175
2998
2462
2720
2148
2473
2096
2424
2418
2572
2219
2363
2272
2716
2792
2082
2015
2458
2649
2927
2205
2949
2522
2662
2260
2761
2022
2244
2981
2653
2145
2281
2698
2704
2406
2532
2935
2316
2806
2468
2732
2039
2446
2288
2006
2779
2753
2985
2628
2947
2979
2035
2222
2326
2807
2017
2035
2959
2694
2013
2611
2142
2808
2957
2423
2701
2254
2174
2061
2088
2600
2259
2045
2475
2594
2069
2859
2926
2368
2070
2311
2983
2324
2477
2932
2413
2408
2636
2703
2712
2429
2883
2036
2929
2622
2677
2616
2775
2715
2132
2392
2538
2328
2232
2735
2242
2681
2881
2541
2659
2190
2671
2853
2239
2771
2675
2393
2734
2330
2867
2233
2361
2187
2764
2755
2576
2957
2737
2914
2179
2707
2992
2819
2290
2050
2634
2576
2871
2204
2364
2376
2942
2944
2300
2850
2271
2807
2140
2753
2373
2863
2374
2200
2867
2882
2551
2734
2822
2716
2652
2754
2531
2299
2481
2959
2276
2746
2595
2719
2024
2649
2722
2569
2694
2815
2786
2247
2548
2378
2638
2087
2531
2422
2332
2893
2894
2007
2346
2795
2203
2745
2410
2044
2964
2896
2759
2110
2418
2292
2449
2935
2702
2236
2079
2721
2532
2973
2657
2143
2717
2209
2606
2471
2334
2649
2878
2681
2147
2511
2943
2260
2915
2486
2985
2085
2526
2682
2956
2459
2558
2679
2305
2094
2711
2924
2078
2597
2766
2360
2771
2835
2139
2362
2816
2312
2884
2750
2798
2620
2962
2924
2549
2841
2941
2887
2092
2743
2830
2301
2964
2531
2638
2481
2868
2899
2373
2659
2734
2142
2638
2720
2202
2116
2654
2051
2291
2929
2570
2097
2483
2312
2137
2733
2765
2783
2409
2561
2198
2876
2951
2804
2476
2895
2131
2574
2513
2881
2488
2875
2541
2746
2820
2882
2376
2825
2610
2707
2467
2382
2621
2065
2121
2018
2024
2009
2812
2253
2219
2186
2782
2002
2579
2830
2278
2119
2723
2109
2600
2622
2542
2248
2818
2767
2154
2293
2450
2641
2137
2291
2612
2546
2911
2133
2142
2018
2865
2283
2009
2984
2904
2171
2839
2225
2414
2051
2787
2972
2240
2730
2054
2249
2178
2695
2316
2287
2646
2798
2950
2136
2670
2856
2489
2449
2015
2227
2917
2218
2375
2669
2502
2168
2753
2558
2646
2407
2820
2854
2840
2881
2834
2041
2180
2168
2897
2624
