3069
3138
3711
3675
3653
3067
3724
3360
3273
3843
3516
3313
3702
3017
3584
3245
3239
3593
3179
3180
3763
3590
3720
3286
3737
3632
3407
3333
3734
3044
3027
3436
3496
3165
3663
3914
3719
3930
3920
3733
3711
3037
3560
3244
3837
3411
3923
3674
3199
3038
3333
3069
3298
3669
3751
3238
3531
3328
3299
3543
3249
3043
3934
3277
3756
3741
3458
3754
3080
3752
3258
3187
3544
3976
3660
3853
3189
3355
3556
3083
3870
3914
3977
3113
3412
3318
3656
3884
3565
3588
3213
3486
3602
3316
3482
3037
3347
3538
3693
3460
3067
3142
3639
3782
3166
3569
3756
3297
3851
3376
3976
3189
3974
3154
3600
3964
3081
3158
3940
3372
3264
3004
3398
3314
3839
3729
3747
3602
3962
3538
3840
3358
3299
3591
3646
3237
3542
3268
3514
3657
3087
3431
3831
3673
3450
3358
3785
3192
3099
3183
3767
3759
3175
3848
3080
3243
3241
3857
3975
3357
3588
3304
3748
3116
3815
3014
3561
3995
3375
3900
3889
3775
3528
3017
3021
3809
3673
3182
3829
3698
3345
3430
3108
3203
3257
3020
3142
3518
3651
3210
3800
3931
3862
3495
3381
3279
3458
3553
3644
3536
3515
3741
3924
3355
3621
3532
3027
3335
3941
3979
3611
3364
3285
3906
3142
3397
3420
3255
3054
3635
3041
3727
3700
3206
3672
3632
3811
3047
3508
3623
3656
3942
3630
3850
3813
3304
3320
3888
3503
3585
3196
3693
3710
3968
3734
3760
3906
3263
3319
3579
3055
3813
3336
3506
3714
3560
3009
3116
3465
3311
3567
3208
3633
3708
3119
3645
3197
3328
3038
3366
3112
3861
3002
3999
3773
3334
3865
3700
3193
3886
3386
3011
3583
3708
3486
3790
3399
3375
3069
3495
3615
3933
3692
3413
3914
3807
3275
3733
3730
3778
3839
3729
3611
3060
3777
3694
3132
3745
3464
3674
3702
3705
3130
3516
3955
3386
3781
3204
3046
3782
3608
3977
3121
3280
3779
3259
3407
3003
3702
3990
3877
3743
3887
3586
3189
3550
3266
3341
3673
3596
3444
3789
3437
3950
3669
3212
3299
3546
3432
3239
3141
3669
3544
3201
3426
3002
3196
3729
3124
3413
3982
3888
3973
3394
3141
3995
3054
3297
3270
3159
3957
3303
3602
3482
3356
3331
3524
3821
3735
3982
3383
3989
3073
3922
3807
3251
3797
3071
3669
3073
3948
3326
3586
3078
3528
3582
3302
3330
3271
3238
3625
3164
3582
3461
3626
3946
3274
3978
3658
3378
3802
3310
3390
3134
3102
3938
3442
3923
3822
3057
3413
3346
3658
3259
3040
3213
3784
3678
3007
3387
3847
3911
3427
3560
3809
3251
3354
3803
3007
3626
3767
3178
3143
3933
3336
3176
3568
3363
3967
3243
3148
3665
3519
3214
3208
3275
3345
3034
3519
3674
3280
3747
3068
3328
3511
3387
3421
3096
3286
3024
3775
3056
3817
3986
3436
3265
3806
3928
3350
3106
3967
3232
3477
3512
3584
3999
3248
3546
3633
3693
3101
3522
3224
3385
3087
3102
3178
3401
3851
3568
3338
3104
3850
3784
3839
3489
3569
3195
3909
3242
3585
3579
3953
3922
3812
3165
3597
3974
3897
3165
3089
3336
3798
3730
3968
3530
3763
3822
3174
3227
3541
3547
3857
3484
3457
3997
3965
3999
3076
3813
3345
3001
3623
3206
3463
3625
3942
3420
3074
3916
3771
3213
3116
3933
3331
3208
3866
3777
3741
3682
3916
3745
3568
3626
3872
3225
3921
3746
3719
3409
3817
3374
3730
3352
3242
3168
3411
3449
3194
3834
3438
3901
3255
3066
3746
3350
3681
3365
3938
3445
3797
3353
3969
3729
3506
3773
3610
3929
3067
3376
3558
3397
3907
3522
3166
3191
3111
3409
3695
3062
3423
3507
3658
3351
3028
3965
3308
3689
3141
3447
3574
3191
3421
3112
3776
3747
3548
3231
3251
3915
3872
3225
3661
3878
3895
3759
3064
3899
3498
3881
3047
3712
3250
3117
3127
3334
3839
3827
3340
3856
3627
3139
3473
3866
3651
3216
3632
3294
3872
3681
3937
3635
3363
3556
3971
3710
3202
3161
3212
3325
3236
3053
3135
3491
3565
3199
3800
3110
3527
3307
3760
3399
3230
3405
3842
3628
3167
3529
3915
3188
3261
3647
3032
3358
3762
3744
3480
3650
3791
3354
3098
3027
3934
3655
3914
3854
3262
3680
3577
3932
3302
3114
3274
3582
3024
3584
3844
3303
3623
3398
3562
3211
3969
3152
3628
3081
3894
3722
3775
3551
3108
3728
3482
3750
3438
3680
3235
3383
3235
3659
3935
3089
3263
3572
3046
3715
3117
3735
3292
3993
3233
3779
3796
3002
3843
3629
3309
3711
3829
3660
3827
3825
3255
3909
3218
3167
3541
3641
3689
3806
3623
3440
3815
3208
3177
3436
3611
3736
3965
3233
3596
3936
3612
3611
3105
3194
3686
3075
3156
3481
3784
3913
3027
3142
3426
3481
3322
3862
3950
3063
3715
3262
3299
3813
3751
3799
3500
3953
3041
3034
3919
3611
3959
3621
3860
3446
3468
3810
3878
3458
3004
3629
3275
3201
3478
3383
3583
3951
3295
3566
3493
3240
3953
3818
3617
3591
3259
3056
3654
3180
3357
3536
3036
3657
3825
3143
3900
3321
3833
3903
3245
3376
3955
3315
3511
3053
3540
3848
3390
3972
3695
3643
3584
3236
3842
3237
3405
3385
3467
3902
3550
3539
3200
3028
3132
3756
3572
3816
3064
3888
3847
3449
3175
3966
3137
3799
3049
3493
3610
3708
3393
3813
3960
3822
3933
3132
3478
3991
3204
3643
3001
3287
3364
3640
3740
3741
3091
3490
3462
3034
3931
3784
3827
3485
3988
3055
3707
3860
3688
3979
3173
3710
3451
3076
3475
3187
3509
3531
3711
3533
3766
3926
3118
3738
3559
3338
3844
3176
3415
3476
3834
3378
3413
3263
3997
3506
3553
3573
3116
3472
3624
3594
3084
3130
3414
3670
3894
3409
3753
3306
3502
3807
3795
3446
3089
3155
3161
3050
3491
3184
3036
3465
3553
3981
3093
3070
3956
3101
3157
3208
3615
3724
3846
3479
3111
3975
3057
3025
3716
3233
3036
3603
3525
3021
3939
3845
3835
3860
3283
3316
