4436
4296
4367
4688
4704
4134
4812
4564
4412
4848
4622
4314
4015
4993
4784
4526
4724
4444
4260
4567
4100
4214
4375
4092
4016
4659
4037
4227
4807
4894
4900
4614
4127
4301
4611
4444
4540
4150
4503
4100
4159
4455
4674
4067
4693
4371
4213
4314
4140
4625
4435
4435
4942
4698
4394
4466
4880
4751
4608
4442
4125
4565
4873
4423
4867
4076
4314
4953
4678
4471
4281
4648
4299
4151
4561
4873
4854
4333
4399
4302
4603
4453
4213
4451
4191
4064
4534
4194
4040
4386
4595
4618
4956
4244
4223
4536
4232
4664
4171
4446
4544
4031
4780
4675
4727
4329
4923
4027
4040
4661
4498
4259
4936
4912
4369
4340
4424
4204
4517
4521
4042
4483
4361
4940
4154
4420
4655
4626
4733
4605
4083
4510
4072
4865
4738
4268
4853
4436
4905
4614
4883
4618
4210
4962
4320
4490
4007
4200
4666
4261
4056
4719
4907
4802
4930
4687
4137
4987
4334
4055
4736
4511
4464
4684
4645
4970
4835
4510
4584
4115
4531
4676
4124
4371
4671
4126
4343
4885
4987
4223
4463
4613
4820
4589
4232
4216
4480
4512
4027
4801
4909
4942
4621
4902
4791
4303
4298
4415
4779
4105
4547
4597
4319
4610
4861
4663
4610
4601
4283
4955
4608
4661
4198
4111
4642
4209
4544
4225
4085
4973
4029
4473
4787
4473
4200
4279
4417
4592
4161
4702
4646
4259
4570
4341
4151
4830
4066
4737
4742
4802
4652
4926
4538
4048
4669
4559
4984
4940
4903
4723
4711
4316
4070
4419
4655
4467
4384
4454
4620
4013
4154
4373
4461
4798
4406
4930
4387
4675
4338
4504
4424
4403
4988
4843
4994
4672
4907
4455
4648
4673
4753
4014
4459
4511
4676
4156
4261
4187
4095
4132
4914
4857
4935
4878
4043
4552
4716
4208
4239
4563
4916
4975
4547
4274
4888
4277
4173
4289
4247
4974
4737
4330
4026
4080
4056
4527
4112
4853
4431
4406
4430
4737
4601
4091
4096
4675
4083
4976
4292
4672
4385
4399
4936
4926
4691
4669
4305
4277
4936
4100
4649
4202
4867
4617
4493
4096
4598
4870
4762
4124
4347
4720
4081
4495
4579
4452
4610
4600
4487
4026
4534
4116
4840
4236
4939
4822
4524
4665
4085
4575
4731
4963
4272
4624
4632
4024
4368
4196
4545
4363
4763
4081
4073
4109
4996
4758
4396
4789
4525
4471
4963
4289
4183
4522
4071
4175
4632
4994
4447
4851
4756
4040
4781
4870
4292
4858
4310
4076
4159
4495
4966
4179
4894
4628
4325
4754
4294
4587
4557
4663
4914
4952
4854
4353
4291
4201
4367
4529
4893
4059
4498
4265
4570
4381
4512
4661
4975
4640
4831
4834
4774
4348
4026
4122
4701
4011
4500
4098
4433
4578
4078
4189
4067
4660
4227
4438
4457
4183
4459
4229
4036
4590
4501
4582
4794
4102
4234
4997
4998
4060
4986
4646
4867
4871
4734
4161
4887
4615
4947
4160
4622
4946
4293
4128
4940
4528
4212
4272
4296
4861
4383
4477
4313
4046
4462
4557
4247
4709
4068
4578
4021
4047
4887
4147
4449
4708
4937
4211
4945
4012
4493
4100
4488
4848
4911
4237
4853
4416
4584
4211
4171
4883
4603
4657
4676
4937
4222
4707
4091
4158
4135
4615
4507
4105
4685
4513
4732
4044
4559
4165
4040
4260
4218
4029
4989
4967
4317
4860
4430
4968
4606
4623
4174
4291
4379
4493
4787
4254
4355
4255
4872
4564
4977
4548
4794
4296
4524
4957
4238
4877
4096
4177
4145
4448
4477
4077
4581
4338
4134
4773
4802
4725
4109
4508
4344
4914
4381
4452
4276
4136
4318
4316
4811
4152
4245
4013
4417
4480
4759
4486
4148
4529
4362
4194
4422
4496
4177
4703
4634
4429
4022
4282
4049
4484
4837
4376
4155
4011
4562
4406
4246
4795
4848
4333
4340
4466
4626
4068
4676
4796
4416
4896
4908
4417
4476
4737
4858
4203
4301
4260
4093
4469
4740
4562
4900
4911
4026
4374
4236
4160
4271
4536
4038
4692
4616
4771
4898
4815
4025
4659
4462
4399
4903
4029
4076
4065
4113
4937
4148
4545
4679
4808
4396
4028
4447
4259
4676
4397
4245
4662
4352
4401
4628
4490
4236
4954
4122
4053
4964
4985
4994
4339
4325
4445
4972
4267
4430
4377
4990
4813
4830
4221
4019
4177
4639
4844
4260
4326
4486
4172
4485
4036
4631
4627
4136
4791
4926
4051
4846
4745
4354
4190
4417
4239
4798
4327
4934
4289
4318
4149
4613
4805
4666
4451
4176
4282
4992
4906
4059
4127
4677
4663
4490
4806
4041
4228
4551
4494
4206
4718
4648
4000
4756
4273
4433
4288
4964
4161
4117
4070
4259
4833
4269
4558
4279
4028
4676
4685
4358
4780
4541
4775
4526
4107
4349
4924
4118
4979
4003
4092
4944
4126
4418
4243
4521
4167
4625
4683
4283
4517
4578
4132
4801
4563
4271
4955
4033
4610
4496
4409
4298
4188
4530
4728
4190
4408
4331
4356
4943
4182
4360
4676
4786
4309
4973
4112
4707
4593
4446
4606
4656
4412
4068
4042
4616
4411
4447
4394
4172
4271
4083
4003
4186
4839
4529
4637
4900
4250
4971
4712
4371
4062
4847
4337
4416
4833
4209
4644
4362
4016
4900
4197
4755
4538
4243
4169
4859
4911
4889
4327
4200
4300
4629
4852
4633
4506
4525
4436
4408
4456
4409
4117
4506
4403
4918
4830
4067
4718
4499
4713
4072
4851
4472
4774
4586
4751
4124
4680
4767
4822
4939
4037
4514
4245
4600
4743
4144
4357
4049
4691
4682
4600
4977
4342
4432
4442
4370
4477
4274
4616
4340
4722
4743
4913
4314
4298
4317
4807
4809
4792
4513
4146
4440
4672
4292
4214
4504
4679
4039
4534
4477
4192
4855
4864
4031
4178
4187
4013
4711
4323
4888
4230
4260
4540
4648
4127
4667
4099
4345
4344
4439
4275
4309
4393
4224
4530
4621
4424
4920
4939
4614
4980
4589
4799
4419
4152
4045
4061
4992
4934
4782
4549
4332
4986
4958
4687
4712
4475
4549
4840
4619
4121
4403
4202
4755
4101
4855
4585
4888
4993
4771
4397
4560
4520
4372
4535
4672
4450
4943
4949
