5730
5652
5621
5122
5111
5960
5710
5777
5056
5207
5682
5742
5209
5501
5808
5947
5446
5598
5625
5277
5406
5995
5849
5080
5624
5190
5078
5933
5416
5432
5690
5448
5671
5132
5583
5707
5570
5047
5017
5207
5783
5290
5673
5048
5133
5187
5183
5441
5824
5024
5797
5536
5304
5753
5586
5984
5527
5815
5528
5630
5898
5326
5123
5188
5452
5001
5711
5824
5905
5384
5502
5089
5023
5114
5447
5750
5421
5209
5447
5670
5276
5591
5093
5071
5658
5387
5083
5140
5128
5840
5669
5212
5012
5021
5043
5447
5301
5939
5347
5253
5417
5026
5062
5447
5218
5448
5924
5550
5442
5155
5117
5425
5492
5105
5446
5898
5874
5617
5385
5921
5838
5407
5379
5305
5745
5429
5551
5032
5518
5321
5007
5693
5026
5867
5266
5648
5664
5640
5953
5088
5471
5662
5774
5307
5064
5732
5985
5126
5325
5804
5998
5612
5286
5684
5521
5928
5869
5093
5633
5399
5203
5105
5497
5668
5028
5811
5007
5095
5302
5074
5490
5406
5516
5148
5769
5973
5343
5011
5281
5985
5231
5252
5672
5220
5235
5447
5253
5077
5890
5051
5997
5032
5230
5979
5279
5686
5102
5199
5395
5166
5759
5874
5030
5671
5381
5795
5190
5641
5533
5124
5845
5111
5796
5754
5421
5537
5747
5907
5578
5581
5244
5943
5165
5070
5477
5749
5092
5645
5571
5476
5916
5397
5634
5857
5289
5141
5995
5792
5074
5839
5055
5413
5861
5077
5588
5392
5799
5456
5594
5789
5156
5186
5746
5373
5801
5180
5302
5982
5819
5488
5909
5121
5823
5928
5040
5739
5131
5391
5981
5811
5863
5406
5138
5143
5189
5176
5178
5582
5421
5534
5930
5660
5353
5908
5279
5519
5307
5686
5273
5897
5606
5115
5502
5813
5789
5184
5397
5584
5753
5776
5472
5750
5123
5743
5681
5522
5603
5453
5018
5375
5742
5803
5198
5511
5551
5624
5749
5993
5653
5944
5143
5507
5227
5538
5655
5860
5807
5822
5468
5516
5113
5155
5193
5714
5503
5316
5349
5966
5284
5988
5581
5001
5081
5835
5303
5584
5704
5917
5274
5952
5467
5965
5078
5011
5708
5287
5851
5867
5338
5909
5651
5666
5610
5859
5771
5252
5946
5404
5931
5616
5567
5426
5738
5671
5891
5057
5022
5454
5141
5170
5637
5458
5374
5295
5138
5435
5190
5068
5261
5661
5710
5370
5517
5382
5016
5910
5314
5842
5151
5101
5936
5106
5929
5760
5399
5622
5288
5312
5670
5352
5623
5914
5977
5090
5576
5142
5999
5522
5047
5671
5502
5464
5769
5671
5604
5677
5659
5494
5229
5627
5287
5568
5451
5575
5236
5367
5390
5416
5823
5675
5014
5750
5649
5418
5735
5799
5699
5744
5933
5876
5260
5126
5644
5314
5778
5761
5453
5937
5848
5677
5294
5397
5954
5534
5243
5941
5235
5283
5591
5487
5507
5513
5443
5189
5012
5537
5856
5026
5869
5006
5038
5355
5029
5112
5473
5741
5566
5254
5900
5877
5559
5377
5979
5830
5392
5044
5108
5409
5297
5743
5318
5941
5087
5802
5377
5355
5601
5807
5229
5057
5058
5367
5711
5708
5643
5613
5995
5688
5928
5878
5617
5738
5362
5582
5019
5974
5949
5464
5477
5247
5409
5956
5960
5600
5568
5688
5934
5411
5464
5788
5389
5634
5665
5931
5379
5469
5599
5824
5198
5683
5271
5153
5898
5750
5605
5823
5231
5982
5787
5729
5267
5792
5422
5144
5856
5304
5988
5303
5846
5576
5105
5659
5455
5817
5356
5841
5474
5101
5972
5312
5060
5263
5521
5335
5704
5828
5841
5890
5591
5097
5846
5846
5984
5727
5536
5820
5436
5457
5443
5825
5626
5953
5047
5063
5338
5093
5150
5904
5665
5384
5027
5419
5809
5647
5264
5605
5951
5531
5511
5801
5551
5891
5058
5644
5075
5590
5050
5319
5602
5823
5361
5795
5977
5609
5634
5202
5175
5738
5755
5471
5329
5056
5094
5920
5427
5659
5152
5503
5048
5267
5876
5029
5612
5745
5805
5776
5532
5545
5354
5584
5360
5577
5028
5678
5463
5902
5085
5182
5036
5426
5156
5559
5283
5709
5682
5935
5415
5899
5546
5624
5691
5741
5194
5962
5145
5591
5635
5966
5742
5395
5168
5199
5706
5603
5360
5678
5420
5064
5805
5607
5861
5087
5454
5227
5763
5927
5849
5079
5799
5170
5422
5546
5900
5666
5151
5629
5462
5888
5220
5516
5593
5854
5042
5665
5759
5037
5928
5800
5124
5026
5935
5423
5663
5025
5948
5206
5644
5679
5819
5875
5387
5143
5518
5029
5310
5713
5548
5669
5137
5869
5572
5053
5822
5057
5093
5938
5146
5071
5234
5165
5205
5500
5164
5016
5973
5267
5474
5770
5928
5961
5851
5407
5282
5291
5729
5448
5710
5716
5221
5549
5580
5015
5501
5531
5622
5331
5001
5209
5634
5998
5233
5572
5311
5307
5775
5551
5533
5186
5995
5866
5462
5685
5357
5230
5636
5052
5765
5479
5836
5128
5232
5035
5855
5799
5328
5482
5493
5211
5251
5936
5013
5508
5109
5314
5024
5955
5963
5574
5246
5349
5434
5486
5921
5824
5270
5527
5663
5255
5041
5045
5409
5720
5294
5911
5751
5667
5851
5517
5342
5705
5628
5129
5235
5240
5301
5239
5025
5470
5380
5851
5370
5639
5763
5297
5037
5802
5662
5516
5895
5797
5835
5499
5423
5543
5451
5947
5107
5272
5550
5078
5840
5813
5959
5877
5790
5576
5774
5063
5508
5476
5945
5464
5966
5605
5337
5514
5068
5134
5613
5106
5693
5560
5681
5062
5689
5125
5013
5125
5380
5966
5053
5435
5020
5290
5107
5135
5347
5691
5544
5936
5848
5519
5903
5157
5592
5080
5486
5030
5537
5322
5328
5804
5002
5586
5022
5514
5623
5927
5732
5102
5467
5526
5850
5943
5135
5667
5210
5755
5633
5851
5454
5253
5512
5653
5124
5930
5252
5037
5348
5784
5200
5992
5505
5875
5364
5500
5109
5134
5286
5051
5237
5931
5777
5149
5248
5538
5754
5515
5182
5765
5570
5960
5199
5721
5227
5263
5663
5885
5591
5701
5955
5397
5279
5288
5956
5747
5177
5185
5147
5882
