6674
6186
6710
6033
6552
6680
6591
6491
6119
6961
6448
6907
6655
6358
6599
6667
6394
6149
6563
6318
6341
6910
6576
6040
6938
6513
6471
6670
6198
6700
6700
6846
6260
6823
6822
6418
6437
6099
6716
6407
6749
6458
6944
6415
6598
6868
6121
6608
6753
6851
6916
6066
6017
6722
6295
6565
6010
6021
6939
6620
6308
6457
6337
6922
6779
6698
6908
6149
6305
6260
6667
6476
6285
6795
6354
6047
6203
6096
6660
6058
6299
6230
6161
6100
6864
6282
6856
6877
6974
6358
6715
6458
6520
6643
6530
6761
6276
6505
6402
6066
6324
6874
6657
6977
6602
6372
6609
6370
6503
6977
6556
6596
6444
6299
6646
6371
6055
6923
6745
6564
6185
6653
6240
6340
6232
6891
6808
6948
6387
6844
6516
6756
6280
6740
6282
6025
6154
6711
6625
6292
6144
6574
6873
6179
6436
6298
6430
6907
6132
6535
6530
6771
6350
6263
6906
6370
6744
6204
6153
6450
6886
6428
6172
6770
6148
6239
6976
6575
6582
6223
6301
6840
6016
6125
6923
6702
6023
6026
6340
6151
6708
6172
6446
6323
6255
6660
6177
6509
6011
6130
6648
6297
6473
6538
6178
6096
6915
6062
6733
6670
6562
6228
6757
6197
6142
6341
6040
6817
6365
6421
6277
6563
6412
6910
6230
6107
6744
6574
6954
6732
6655
6181
6383
6526
6811
6723
6666
6875
6649
6200
6059
6944
6912
6216
6832
6984
6806
6953
6602
6991
6203
6384
6771
6460
6082
6961
6213
6695
6943
6389
6198
6435
6220
6508
6595
6364
6822
6759
6766
6374
6821
6175
6192
6375
6938
6370
6824
6787
6942
6514
6309
6823
6272
6865
6787
6113
6214
6031
6654
6217
6744
6776
6794
6095
6685
6825
6077
6672
6221
6850
6541
6205
6877
6530
6559
6281
6046
6328
6484
6947
6764
6441
6706
6607
6966
6187
6781
6091
6660
6934
6325
6493
6526
6594
6669
6171
6222
6578
6821
6631
6309
6084
6166
6792
6059
6563
6487
6575
6586
6201
6260
6584
6652
6317
6957
6143
6254
6626
6003
6856
6569
6445
6353
6403
6137
6024
6166
6269
6202
6371
6917
6678
6014
6133
6359
6096
6476
6308
6171
6263
6958
6840
6790
6888
6283
6435
6869
6805
6844
6243
6058
6607
6590
6419
6300
6519
6118
6965
6653
6541
6456
6640
6709
6698
6179
6214
6059
6578
6424
6777
6880
6198
6966
6352
6643
6643
6019
6602
6169
6850
6599
6959
6707
6376
6311
6145
6508
6976
6184
6674
6398
6351
6783
6572
6186
6463
6103
6288
6363
6426
6960
6440
6421
6080
6416
6867
6315
6015
6537
6181
6024
6984
6203
6887
6923
6370
6961
6960
6679
6599
6950
6658
6687
6174
6710
6281
6640
6316
6331
6514
6700
6018
6723
6966
6853
6705
6976
6554
6471
6580
6716
6390
6820
6174
6071
6911
6200
6571
6356
6107
6716
6281
6907
6815
6187
6759
6501
6228
6556
6115
6694
6955
6266
6647
6001
6200
6443
6467
6268
6889
6438
6610
6768
6853
6184
6714
6521
6513
6106
6575
6090
6847
6808
6608
6651
6828
6570
6534
6412
6897
6771
6417
6597
6533
6701
6487
6058
6409
6886
6113
6232
6171
6949
6604
6623
6395
6259
6535
6183
6853
6088
6689
6988
6819
6766
6732
6363
6803
6377
6263
6204
6717
6864
6918
6564
6230
6024
6817
6703
6756
6759
6736
6720
6286
6133
6067
6562
6091
6227
6771
6670
6099
6530
6278
6797
6649
6615
6505
6531
6162
6140
6953
6901
6231
6815
6144
6023
6546
6811
6483
6109
6045
6240
6033
6353
6728
6764
6549
6103
6560
6086
6572
6487
6007
6058
6355
6136
6812
6424
6843
6932
6785
6745
6013
6798
6526
6897
6385
6349
6197
6625
6628
6889
6701
6064
6804
6620
6862
6749
6919
6131
6522
6672
6167
6200
6747
6093
6431
6690
6742
6397
6365
6859
6404
6056
6660
6718
6900
6827
6886
6152
6077
6699
6654
6412
6006
6737
6699
6235
6444
6873
6904
6288
6585
6936
6177
6850
6985
6661
6604
6657
6193
6211
6257
6596
6239
6779
6575
6525
6786
6169
6286
6819
6457
6865
6443
6379
6586
6002
6227
6736
6384
6794
6869
6598
6301
6465
6180
6617
6208
6445
6910
6445
6845
6598
6409
6148
6895
6581
6813
6879
6927
6979
6306
6304
6438
6734
6830
6641
6146
6543
6998
6339
6765
6280
6848
6359
6460
6260
6523
6736
6310
6095
6911
6618
6172
6188
6780
6218
6498
6460
6958
6247
6798
6707
6685
6166
6659
6130
6320
6274
6453
6954
6231
6041
6109
6712
6826
6272
6638
6757
6387
6664
6415
6776
6548
6089
6547
6591
6034
6434
6095
6361
6531
6162
6276
6345
6372
6859
6251
6767
6059
6893
6575
6946
6501
6971
6892
6817
6274
6827
6997
6105
6099
6490
6958
6983
6226
6574
6601
6735
6409
6827
6286
6044
6648
6728
6567
6829
6964
6276
6036
6180
6050
6233
6362
6814
6742
6993
6314
6668
6930
6935
6328
6686
6695
6605
6014
6590
6166
6279
6839
6457
6847
6558
6123
6206
6925
6384
6378
6685
6392
6535
6987
6909
6631
6963
6186
6142
6497
6559
6313
6926
6829
6815
6357
6896
6737
6615
6880
6159
6999
6854
6496
6333
6367
6896
6246
6843
6638
6911
6335
6928
6861
6020
6930
6927
6184
6760
6924
6772
6419
6813
6832
6330
6588
6122
6285
6160
6372
6505
6898
6492
6605
6585
6649
6771
6694
6446
6281
6874
6128
6687
6664
6218
6040
6672
6496
6320
6115
6630
6192
6011
6022
6939
6336
6444
6937
6338
6588
6217
6648
6056
6540
6443
6216
6840
6576
6344
6132
6625
6474
6005
6461
6203
6107
6250
6498
6528
6327
6219
6065
6480
6834
6096
6683
6770
6579
6646
6502
6399
6070
6635
6078
6510
6734
6966
6755
6768
6368
6379
6693
6392
6589
6849
6330
6815
6099
6411
6392
6513
6533
6980
6388
6937
6653
6903
6891
6635
6619
6377
6836
6585
6152
6593
6450
6483
6443
6427
6431
6245
6789
6793
6469
6222
6048
6296
6218
6756
6187
6677
6410
6475
6389
6617
6861
6422
6400
6911
6750
