7464
7087
7628
7702
7647
7426
7900
7895
7131
7496
7157
7587
7067
7385
7180
7262
7339
7318
7127
7802
7396
7709
7758
7954
7483
7296
7480
7665
7471
7008
7415
7728
7139
7702
7688
7607
7199
7454
7272
7198
7567
7665
7256
7793
7400
7845
7150
7459
7185
7561
7884
7612
7747
7709
7507
7583
7359
7980
7184
7595
7303
7076
7983
7662
7100
7036
7133
7579
7344
7808
7855
7362
7523
7997
7653
7188
7474
7615
7911
7156
7158
7516
7990
7936
7226
7116
7559
7696
7474
7952
7795
7534
7646
7606
7175
7002
7194
7536
7073
7206
7563
7378
7002
7420
7266
7389
7406
7079
7531
7751
7111
7535
7581
7650
7114
7979
7660
7165
7238
7477
7784
7205
7256
7174
7804
7990
7499
7318
7777
7783
7643
7912
7844
7913
7294
7502
7764
7421
7265
7785
7020
7035
7922
7492
7933
7543
7793
7269
7547
7067
7704
7079
7123
7173
7071
7983
7982
7241
7625
7049
7072
7017
7746
7494
7073
7818
7817
7145
7103
7431
7469
7728
7044
7334
7379
7509
7329
7532
7297
7317
7565
7938
7348
7064
7740
7934
7232
7426
7856
7481
7848
7505
7764
7895
7049
7901
7659
7210
7686
7857
7144
7850
7810
7783
7055
7210
7963
7784
7240
7602
7746
7520
7330
7965
7451
7091
7094
7663
7404
7435
7391
7677
7797
7114
7860
7516
7221
7269
7427
7206
7817
7932
7449
7775
7931
7868
7801
7780
7443
7604
7480
7528
7483
7321
7404
7835
7074
7855
7887
7338
7352
7126
7918
7624
7400
7929
7785
7680
7430
7201
7742
7477
7956
7515
7438
7802
7890
7793
7526
7827
7960
7973
7427
7267
7689
7615
7556
7402
7213
7276
7360
7691
7622
7774
7452
7183
7097
7374
7738
7411
7086
7299
7901
7043
7948
7909
7807
7102
7956
7351
7407
7162
7364
7487
7502
7601
7250
7410
7268
7615
7197
7936
7831
7418
7476
7028
7262
7765
7295
7248
7296
7718
7834
7949
7764
7325
7267
7146
7192
7754
7675
7664
7263
7228
7802
7459
7898
7022
7879
7726
7496
7688
7334
7766
7485
7624
7066
7384
7696
7066
7088
7974
7261
7616
7795
7350
7636
7436
7785
7795
7086
7322
7166
7780
7488
7970
7553
7298
7555
7882
7480
7762
7680
7524
7818
7991
7412
7537
7869
7900
7249
7052
7213
7101
7770
7391
7061
7798
7402
7735
7800
7029
7001
7682
7684
7514
7257
7937
7117
7133
7392
7781
7769
7295
7996
7386
7871
7310
7902
7454
7368
7172
7886
7197
7268
7056
7641
7116
7439
7219
7911
7622
7309
7937
7888
7105
7422
7545
7970
7646
7552
7686
7778
7208
7142
7343
7875
7822
7146
7342
7981
7951
7980
7550
7614
7965
7167
7141
7978
7418
7443
7948
7612
7587
7535
7086
7795
7585
7566
7761
7945
7193
7058
7404
7266
7431
7791
7068
7752
7837
7377
7309
7199
7333
7238
7607
7301
7548
7855
7790
7026
7495
7536
7765
7432
7505
7696
7340
7789
7415
7605
7851
7367
7111
7817
7831
7567
7643
7074
7938
7084
7318
7275
7976
7679
7341
7224
7861
7748
7848
7273
7064
7268
7382
7625
7175
7917
7189
7035
7914
7115
7020
7881
7155
7485
7483
7078
7235
7777
7353
7133
7129
7598
7700
7681
7842
7396
7103
7243
7743
7012
7717
7564
7408
7784
7468
7804
7941
7610
7183
7091
7697
7617
7035
7398
7751
7056
7299
7497
7485
7857
7021
7763
7186
7811
7898
7964
7576
7725
7342
7763
7820
7976
7439
7541
7644
7847
7263
7347
7865
7686
7813
7224
7811
7397
7633
7880
7808
7043
7071
7720
7174
7358
7960
7526
7927
7782
7474
7671
7705
7228
7828
7587
7260
7169
7466
7392
7231
7782
7414
7950
7824
7840
7482
7391
7424
7736
7105
7069
7175
7561
7689
7220
7999
7403
7468
7126
7605
7121
7060
7423
7554
7693
7079
7288
7553
7839
7404
7649
7760
7064
7971
7226
7046
7415
7222
7170
7815
7254
7690
7290
7228
7073
7532
7388
7382
7907
7226
7021
7309
7250
7035
7072
7435
7426
7323
7891
7484
7276
7248
7395
7706
7671
7905
7446
7647
7788
7487
7031
7686
7328
7650
7248
7964
7835
7832
7866
7352
7062
7937
7294
7628
7911
7443
7091
7081
7791
7692
7800
7350
7379
7866
7729
7430
7688
7873
7535
7413
7005
7204
7866
7727
7755
7605
7091
7346
7595
7279
7137
7666
7061
7218
7770
7552
7926
7167
7231
7342
7999
7687
7980
7430
7480
7738
7475
7431
7161
7237
7312
7830
7665
7071
7759
7430
7670
7109
7712
7899
7537
7887
7358
7187
7075
7740
7388
7634
7203
7355
7416
7118
7148
7872
7388
7703
7414
7936
7146
7842
7194
7329
7986
7367
7052
7103
7012
7150
7708
7479
7302
7552
7480
7098
7450
7511
7482
7625
7813
7393
7996
7090
7896
7548
7514
7835
7656
7822
7844
7366
7155
7189
7308
7966
7897
7011
7517
7430
7419
7421
7420
7873
7163
7735
7320
7149
7435
7839
7345
7079
7308
7976
7415
7313
7640
7449
7091
7390
7017
7331
7826
7247
7279
7384
7039
7219
7511
7044
7118
7347
7792
7515
7939
7622
7756
7722
7730
7677
7020
7110
7137
7291
7851
7061
7184
7995
7996
7006
7379
7029
7489
7134
7635
7849
7367
7982
7792
7431
7661
7079
7497
7610
7734
7264
7895
7808
7012
7228
7105
7583
7438
7368
7722
7573
7505
7016
7649
7564
7578
7709
7427
7629
7303
7216
7835
7480
7304
7676
7946
7479
7043
7342
7019
7984
7663
7114
7577
7091
7887
7252
7759
7139
7531
7396
7579
7748
7033
7307
7038
7573
7426
7542
7122
7405
7588
7614
7601
7720
7226
7056
7201
7294
7956
7202
7152
7041
7087
7445
7354
7792
7162
7172
7370
7353
7090
7588
7283
7797
7770
7154
7970
7625
7398
7420
7727
7115
7297
7634
7289
7903
7975
7602
7186
7627
7297
7957
7105
7210
7129
7131
7332
7219
7507
7088
7675
7573
7439
7074
7228
7744
7736
7438
7210
7546
7825
7880
7675
7511
7391
7321
7255
7859
7816
7940
7308
7065
7805
7861
7705
7069
7301
7355
