8278
8247
8782
8422
8422
8353
8276
8100
8610
8805
8011
8860
8686
8808
8405
8018
8603
8048
8267
8181
8935
8894
8401
8340
8858
8297
8552
8412
8538
8900
8527
8673
8778
8146
8592
8758
8560
8562
8756
8650
8651
8775
8346
8346
8737
8200
8359
8677
8651
8834
8440
8149
8154
8027
8972
8469
8358
8635
8687
8880
8331
8484
8420
8326
8654
8663
8095
8936
8688
8742
8828
8325
8078
8669
8036
8705
8631
8754
8823
8887
8992
8836
8476
8811
8709
8478
8834
8393
8169
8772
8431
8091
8580
8144
8804
8803
8632
8348
8058
8401
8751
8719
8825
8465
8848
8618
8037
8538
8319
8915
8502
8551
8630
8333
8167
8868
8181
8397
8057
8823
8343
8809
8317
8459
8443
8053
8491
8658
8253
8137
8158
8796
8988
8469
8300
8530
8129
8004
8334
8393
8446
8965
8569
8387
8435
8621
8967
8863
8013
8855
8446
8622
8720
8512
8684
8266
8865
8772
8302
8570
8039
8175
8545
8804
8125
8217
8110
8722
8526
8860
8557
8172
8608
8697
8815
8113
8437
8967
8671
8146
8828
8080
8746
8552
8287
8835
8424
8200
8971
8054
8346
8656
8911
8902
8641
8246
8822
8810
8756
8864
8559
8503
8854
8791
8860
8334
8046
8889
8363
8814
8343
8095
8998
8936
8111
8277
8779
8686
8968
8132
8690
8888
8539
8037
8850
8375
8200
8425
8373
8317
8969
8523
8389
8431
8005
8084
8480
8707
8733
8001
8427
8232
8501
8586
8473
8664
8808
8611
8528
8938
8536
8147
8645
8801
8383
8653
8814
8855
8610
8720
8649
8897
8547
8389
8796
8465
8792
8961
8971
8675
8913
8804
8372
8625
8546
8713
8843
8865
8186
8025
8571
8704
8628
8834
8287
8403
8987
8321
8903
8629
8453
8432
8291
8903
8441
8897
8409
8135
8615
8818
8325
8797
8338
8908
8760
8686
8441
8755
8666
8739
8884
8390
8998
8847
8763
8809
8275
8182
8345
8051
8775
8094
8308
8876
8166
8249
8093
8107
8182
8330
8364
8191
8527
8257
8873
8616
8509
8597
8642
8401
8038
8562
8295
8986
8555
8749
8479
8505
8112
8561
8856
8612
8309
8082
8805
8729
8052
8012
8023
8829
8118
8181
8535
8664
8321
8036
8147
8614
8687
8487
8283
8215
8410
8432
8273
8745
8501
8329
8571
8196
8030
8186
8104
8343
8519
8443
8935
8623
8594
8302
8665
8997
8254
8209
8596
8026
8209
8334
8452
8910
8551
8132
8600
8358
8664
8245
8104
8761
8704
8307
8587
8289
8122
8479
8876
8217
8726
8871
8602
8989
8492
8365
8454
8297
8880
8713
8609
8681
8719
8244
8891
8020
8833
8916
8617
8556
8436
8937
8708
8031
8000
8721
8570
8848
8725
8434
8442
8152
8962
8987
8431
8155
8956
8945
8165
8042
8026
8413
8097
8302
8909
8675
8780
8407
8286
8026
8073
8322
8678
8965
8110
8464
8790
8697
8051
8380
8057
8668
8076
8580
8647
8663
8822
8687
8392
8897
8497
8298
8180
8342
8161
8737
8126
8524
8296
8173
8471
8916
8605
8425
8491
8045
8142
8129
8895
8461
8293
8867
8097
8713
8830
8256
8492
8605
8258
8985
8358
8045
8911
8261
8271
8986
8848
8171
8015
8098
8375
8993
8796
8001
8179
8608
8189
8137
8416
8755
8661
8607
8783
8048
8722
8571
8564
8323
8676
8180
8856
8128
8755
8292
8717
8882
8897
8679
8771
8530
8780
8790
8864
8306
8810
8619
8768
8560
8619
8679
8526
8483
8305
8615
8977
8950
8088
8506
8212
8625
8252
8496
8177
8969
8274
8982
8412
8743
8799
8239
8976
8140
8689
8998
8919
8751
8738
8231
8286
8133
8740
8072
8516
8868
8526
8618
8290
8672
8267
8095
8314
8270
8815
8732
8282
8480
8093
8511
8265
8183
8593
8864
8060
8630
8837
8302
8654
8860
8275
8877
8764
8817
8437
8419
8590
8128
8349
8415
8343
8416
8127
8523
8784
8445
8418
8714
8035
8345
8822
8182
8155
8674
8742
8275
8540
8095
8151
8882
8044
8992
8623
8880
8787
8454
8596
8506
8075
8645
8234
8742
8454
8771
8470
8136
8941
8480
8738
8749
8658
8806
8702
8322
8657
8449
8790
8100
8472
8500
8651
8194
8067
8523
8785
8798
8170
8208
8422
8039
8629
8719
8426
8785
8381
8242
8411
8232
8777
8158
8486
8699
8541
8759
8049
8641
8382
8372
8833
8525
8314
8338
8958
8895
8111
8286
8099
8630
8888
8791
8014
8133
8709
8566
8557
8950
8316
8035
8017
8115
8486
8282
8078
8313
8293
8094
8949
8838
8558
8074
8253
8179
8051
8537
8053
8010
8620
8257
8037
8270
8262
8925
8187
8038
8278
8569
8500
8876
8127
8090
8186
8390
8236
8486
8546
8806
8051
8297
8209
8465
8874
8317
8688
8278
8560
8615
8287
8358
8994
8494
8233
8211
8383
8066
8536
8136
8769
8780
8469
8703
8854
8360
8783
8510
8195
8301
8706
8688
8033
8289
8550
8038
8562
8630
8269
8019
8227
8094
8636
8227
8735
8329
8787
8498
8799
8374
8767
8166
8297
8672
8376
8592
8448
8344
8025
8576
8805
8467
8570
8840
8347
8520
8050
8396
8733
8179
8088
8214
8817
8149
8215
8294
8854
8800
8791
8934
8440
8931
8261
8718
8119
8137
8429
8486
8767
8871
8114
8383
8304
8494
8013
8849
8042
8321
8850
8310
8970
8897
8931
8191
8593
8520
8032
8796
8514
8344
8131
8533
8803
8210
8898
8961
8350
8741
8986
8130
8819
8132
8118
8721
8505
8481
8688
8582
8419
8491
8089
8345
8159
8856
8256
8930
8682
8669
8000
8960
8931
8737
8518
8223
8379
8797
8130
8634
8921
8220
8660
8335
8254
8962
8108
8916
8815
8176
8191
8019
8582
8144
8109
8970
8579
8896
8418
8455
8692
8185
8195
8667
8525
8278
8786
8803
8339
8361
8298
8277
8791
8236
8668
8500
8109
8369
8543
8638
8515
8288
8474
8327
8248
8806
8896
8921
8236
8499
8147
8478
8584
8443
8364
8381
8316
8228
8423
8143
8456
8870
8209
8720
8412
8374
8436
8372
8797
8321
8897
8939
8280
8056
8513
8195
8796
8758
8779
8804
8454
8917
