94374
94869
97558
90237
95453
93140
96726
91370
95502
96921
90681
91826
98427
91030
96823
98281
91969
94189
91968
90063
90358
94256
92780
90537
98852
98322
97237
98600
92576
95318
92821
91360
99309
99485
96966
98705
90845
94087
97960
95400
90406
96089
99982
96590
94192
94165
94248
98137
93630
94366
99341
94109
91107
90059
97705
99903
96085
95326
92032
90973
90345
93926
94802
93968
90831
99121
96578
99169
96055
93201
93847
90577
97358
99380
95160
92729
99460
92885
95117
91373
95659
92523
99352
98526
91825
98785
90090
91097
99887
99628
91064
96250
95915
90502
92638
96012
90064
90856
92817
98233
95705
95441
97519
90928
92834
94999
93921
92297
96539
97648
94029
99268
94713
99173
91684
93262
90475
97752
95162
93083
93838
96211
99237
91315
94044
92808
95126
92422
98672
99774
94083
97866
98154
97324
90578
95980
94651
99745
93975
92090
92351
99266
93417
97436
92249
92917
99216
93791
98175
97330
95492
94394
92437
96542
92987
90768
98841
98262
98077
99337
98006
94753
93806
91344
94957
95533
91466
94522
91743
90424
96719
95217
98520
93131
92532
95204
94928
97486
92322
98306
99907
90789
90612
98139
92125
91246
95218
99746
95095
99413
94562
94747
90761
96759
96007
91703
92827
98017
96337
90864
96442
97769
93420
95173
93964
95943
98947
97502
97513
91277
95683
97423
97735
96657
99137
99519
94813
95267
92731
99245
92122
91918
97650
91619
95119
99636
93353
92686
98103
97596
92421
93598
99244
92852
93895
92410
99979
94939
92543
99248
98271
99400
97590
96370
96511
93573
93381
95831
93906
95535
96153
93941
90095
95027
95660
93538
91407
93393
97712
92185
93707
98065
93896
96854
96092
96003
97692
93410
97828
99624
92008
92228
96874
98218
91752
99693
92093
97640
96479
98980
92827
91133
92376
92515
98889
94557
99899
92842
91242
90004
93211
98194
98612
92797
90258
94065
98148
98224
97775
92258
98828
95995
93831
94486
94796
92383
91604
98446
92059
92276
92004
90488
96046
95962
99479
90474
99413
98369
94907
91251
99181
91689
91794
97254
99801
95846
97188
94221
94071
95107
96701
94713
96941
93275
93792
92206
98216
94384
97112
99893
98913
90572
96088
99007
92603
93909
94168
95473
97452
94351
91205
93008
96875
91712
91275
95400
96731
95552
99923
90635
94788
93249
95306
94781
93859
93136
90961
94098
93421
96582
94079
99702
95807
90142
92039
90324
92133
96509
91704
95136
90000
90894
90537
90510
99719
97669
95898
91609
98297
90643
99122
92197
90772
99167
93883
93787
96591
91431
94190
98279
94700
95755
95955
96645
94746
90478
97462
99872
93392
93116
98334
97381
94105
99870
93610
92446
95999
97280
99394
93746
92296
98837
99241
97138
91820
90715
95866
91947
97555
92421
91107
91666
94749
90137
98138
99794
97305
92804
93877
97744
95283
93564
96225
93242
98201
92111
90345
94427
98546
96678
90534
97014
97384
97952
99395
99287
99323
91002
94012
92442
97162
95504
99610
91852
97570
98960
94787
98216
97842
92428
98840
96197
90381
93339
90892
92188
95948
95389
92617
92125
98883
91204
91188
94896
97547
99501
96733
96832
91045
94805
99081
97986
98905
94446
91861
91496
93873
94495
98124
93177
99208
93596
90559
99665
90959
91237
91133
99949
92570
94893
99501
96906
93879
98695
96883
92610
99058
94801
92303
93581
98398
97484
91015
99904
96948
99104
90784
95204
98971
96593
90244
92830
90963
96848
95015
97268
97511
99538
91462
98836
93693
96207
95014
93966
94897
95274
99857
93049
99940
93576
99424
92718
96217
96402
92629
99700
96213
99658
99052
98919
93190
99723
97416
99420
90088
98866
95583
97822
99779
96669
97033
90565
96681
90791
98361
92964
99446
93645
94616
95232
91935
95058
94555
93068
95034
94840
95781
93131
94968
93342
90586
91802
94759
92520
96899
98977
94198
94835
95146
97347
90282
92366
91082
91577
94478
93956
96678
91158
95328
93881
95993
95251
94959
91594
90661
97851
95855
98411
90062
96779
99914
93665
94550
90615
95218
99818
96238
93517
97252
93288
90719
99080
90333
95347
94851
90863
91941
95345
90278
99038
97294
96714
99701
99717
94069
94745
93087
95946
97436
93976
93974
97123
93775
92149
91840
96611
97314
97197
95079
95734
97771
93467
90567
95983
98573
93473
90021
90283
94681
91913
90393
98465
96189
99331
95394
91708
98926
93896
97921
95651
96058
91063
98612
92112
95384
92548
94085
94915
95404
98021
99472
96202
99547
95172
93823
95753
91991
96417
93647
97392
90400
93400
99418
93299
90606
93659
92219
99217
95757
97352
92869
90939
97800
95780
93848
95235
92272
97586
95136
96411
98353
92980
98678
93068
94857
91117
92608
98329
99450
90826
95587
90758
92730
90314
93659
92542
91033
97160
96877
96098
91818
95947
90623
90221
93316
97233
97008
92098
95755
98176
95059
92123
94937
92129
94474
94255
90178
91781
96648
95909
97716
97993
98432
97790
97568
94411
98571
95964
96507
96120
94176
95515
92358
99146
94726
97604
95113
96441
94058
99491
98522
95157
96637
90104
91741
99435
92963
92155
94394
92765
90398
95451
99979
94018
99943
95055
91918
91668
96507
92247
93764
91443
90090
95885
90078
93646
97946
96653
97322
97752
93283
96962
94725
93517
94356
94819
93562
99809
98880
90824
99517
94641
92656
93689
96881
92475
97976
91100
95224
97766
96960
99610
98885
96938
97314
99331
97101
94485
93142
96647
97977
92758
91471
90892
92562
99122
95901
99029
96306
98655
92396
95687
93893
95311
98685
94640
90040
99580
97918
91781
93214
96065
99309
98953
91451
90111
93322
92628
99427
98640
96635
91343
93787
96715
92593
91064
99371
97950
96154
98179
92391
93907
98427
95729
97919
94854
94831
99615
98076
91855
92620
98077
94231
98088
98061
99485
91194
95458
90924
90644
93900
91134
94077
90234
97414
97453
98983
99735
99213
97810
93683
97278
98648
90571
98439
98192
92254
92885
95644
99727
95137
96295
94822
96417
98076
96493
90595
96861
97143
90256
91321
92297
97673
93636
98819
92306
97248
96799
95024
93211
92963
92579
99740
90287
96719
97765
94756
95778
98531
98408
93492
90903
91924
93035
92093
91503
97345
90556
97408
93820
99277
92852
99661
98995
90166
95570
92780
92304
99682
94485
93325
95919
90896
98927
99754
92002
95956
98263
97368
96340
92575
92166
90689
91392
99214
90513
94256
91627
91264
94147
94858
93313
92675
93453
93099
95586
97531
97714
99819
99485
93886
94572
93407
96976
97775
95545
97323
92441
98829
90531
93233
95082
90108
91495
94105
91778
93891
93137
93321
96499
92031
96212
90409
94145
94167
97422
91352
93804
99618
98304
91600
98883
99085
94360
92881
99263
90441
94875
90712
93727
98817
93273
98089
99256
94969
97684
92291
97482
97466
91455
95922
97568
93651
93745
90374
99103
91485
91065
99753
98220
99431
91639
95964
95066
94333
95808
91132
91001
97898
97338
91843
99473
90815
92469
90756
95361
99821
95819
95095
93783
97103
94816
98241
90841
93274
97275
90160
95596
94911
99921
94813
94684
95097
99184
97797
98395
90789
99447
95499
99816
93904
98061
97794
96667
94029
90919
99946
98838
99371
97144
95784
93318
99148
96536
93444
92208
95036
98837
97011
98789
91428
99558
92271
91275
94328
93174
92400
93786
96490
90798
99957
99317
92054
96109
94787
90057
97383
90279
93569
96265
96074
93910
95661
96097
95152
91570
91611
95266
96392
92455
95254
97234
91372
98858
97657
91750
91380
92715
91357
91972
93631
99287
96301
98167
93374
96209
94689
99035
97415
95607
90538
90061
98355
96730
91183
92011
90394
96671
92170
91636
96958
97119
94041
91009
97583
95814
99345
91485
96521
92391
90906
93254
98336
99661
97823
91654
96404
92984
93999
97023
98675
92401
95076
95678
91314
94434
93583
95840
94913
93059
98826
93789
99847
92264
97595
92350
97051
95816
94112
95932
97989
93366
92806
93771
92935
95906
95499
95763
99789
97675
95350
93356
96633
96142
93526
91299
99944
96421
90990
94770
97025
91588
96994
90371
95507
95748
97954
98789
95071
92444
95190
91557
96459
96987
97706
94253
90739
97661
96666
93752
97366
97376
91494
97670
93071
94333
93653
90036
94843
97512
93042
98393
99355
90410
93729
94017
98059
94330
90213
98785
91891
90760
92828
99292
92004
90887
91016
91285
93319
99132
96205
95218
95750
96757
91806
96781
93991
91041
96452
94629
90425
95304
98014
91222
97361
95142
90160
91681
94136
96649
90270
99861
91863
93099
97346
90481
93559
97592
91277
91062
90274
90513
90227
97676
94425
92296
91271
94077
90009
93940
90457
94639
95634
90025
92427
97703
90355
91534
96422
97454
94220
98705
95070
99237
95095
97356
94693
95330
90880
95618
91026
95654
91513
91900
92247
90625
98328
99008
91978
91397
99260
93848
98545
96149
97158
96885
93177
99718
95037
90629
99083
97890
96477
91833
95350
96968
91597
97783
94501
93847
99014
93084
90168
91762
92029
99703
91870
92126
92943
99669
97121
93418
92794
96771
97244
93960
95140
90932
92148
96602
91510
96437
91081
99823
93101
93185
90881
91576
97938
98276
90644
99299
95254
93804
91847
91980
99172
95570
95975
97870
91882
96549
97486
94540
92483
98443
98538
96288
91391
94402
93333
97648
91813
96094
94153
90695
99147
98706
98213
98185
96388
98166
94295
94153
98608
95902
90809
98552
92424
97795
92390
92753
96977
95641
90448
98271
91412
91367
94177
91962
90105
96578
92451
97117
90945
92533
93767
91373
93871
98616
90919
99157
96576
90514
99481
98522
91759
92906
94279
99635
95681
95240
96080
94945
90867
93384
91465
99110
96789
94357
92479
90120
91071
96137
99072
91752
90387
99647
96554
91474
94568
95383
92342
97225
99638
92896
91140
91119
95529
97357
95323
98059
92018
93745
97826
92467
92087
95898
98073
96934
95340
94576
97641
92407
95384
96010
91229
90782
94133
99957
90239
97189
92907
94208
90833
91129
94864
90700
95677
92697
95840
96912
98723
92581
90975
95052
95405
92259
92652
90707
96377
93880
91210
92081
91544
97674
93659
90731
92542
98436
97209
94776
96073
91602
93774
95999
97502
93752
98854
92912
94024
92001
93179
92946
99341
91652
98325
98214
97275
91754
98150
90973
90051
93733
96363
96863
98056
99171
96746
96290
91835
98951
96703
96877
93766
97514
96604
92851
96456
92753
97163
90410
97193
94214
94561
91656
92991
99674
98351
93514
98754
92951
90327
92219
91824
93810
93484
98385
99847
94250
98940
92491
95254
94082
95290
95656
98915
92763
99225
96024
97550
93700
98456
96755
94332
91902
97989
97663
99810
95757
98623
98880
90703
98985
92174
91561
97482
99342
91380
97627
97687
96555
93694
97802
90891
93110
97254
94804
92941
98050
94191
96423
91622
95709
91156
91480
93288
98466
99421
90121
90122
94983
97274
98804
90708
93202
95518
99438
92358
90362
92878
91624
92257
90728
91835
96710
95898
95357
97017
92465
95514
97259
97622
97575
98247
99577
92593
95883
93654
94084
92230
91313
92811
92163
92772
95752
96760
90729
91107
93834
90327
91087
95225
90509
98457
99598
92274
99573
96108
95191
90164
93909
99491
90278
90541
91106
95974
98414
90658
91317
92335
94163
99167
97760
96191
98099
96198
94086
93437
92549
91199
97013
95298
91806
92992
97053
92208
93883
95218
94974
98155
99535
96966
96694
98343
98327
92715
94724
95073
90782
97951
99981
91597
90283
96826
93822
91370
98342
96021
96478
90588
92069
94652
94746
95212
93264
93470
98706
99762
94388
97886
94576
94092
97881
98408
98333
96091
91771
98987
92694
92779
96327
98432
98213
99629
93644
92604
97802
98124
94450
95372
92825
94512
94196
94506
98037
98536
93542
94576
92140
99509
96698
92722
90474
98509
94798
94714
96461
99733
90450
98119
98818
91036
93917
96571
92276
93599
91018
94166
90552
93266
97753
91823
91665
91639
96909
98079
97354
93252
97449
95247
90286
96281
98378
98102
95050
98157
94941
96369
91499
94178
96499
94129
91911
96742
92271
98999
96656
95205
93188
91408
96571
91510
95609
99657
94095
94716
95329
99548
99357
98357
98402
98344
91878
98161
98672
91556
93324
94061
90559
97649
91823
99678
99669
90126
93785
94489
93099
98657
94848
98741
95905
90918
97614
98849
90165
94648
90184
91483
98292
95040
96125
97854
92812
96052
93495
95790
90696
95473
97810
96143
91510
92645
91427
91760
95151
94652
99721
91814
96737
91449
92646
91645
93327
92940
98792
98414
99614
91334
97893
95860
97423
90219
96888
97246
96971
97781
94099
94169
96139
95318
95869
90339
97766
93787
90090
93655
93896
90516
91451
96937
90275
95389
93940
97562
93972
90839
97177
98851
91959
92794
94488
91624
98708
90375
92252
92533
96430
90564
92076
96972
92458
90343
99559
98221
94425
92870
96043
91231
95440
96135
92638
99010
98201
92257
99001
91894
99161
93059
92907
95186
91271
92921
90454
98592
96562
93011
90928
91702
97894
91959
94782
93350
92575
96803
97996
99113
99220
94580
91134
90428
93225
99370
96850
90855
95528
91741
95276
99865
93968
97590
92785
92197
96449
91200
95919
91307
90409
92931
98962
98725
93597
95452
90577
97234
97078
93664
92200
94711
92530
92520
98495
97183
92420
93866
98043
94215
93436
98094
90677
97071
90666
98931
96388
90280
92477
99983
99560
90213
93745
99828
91464
90051
98193
98351
93371
99149
98913
90820
92452
96204
99887
97733
92705
99869
90247
97885
93536
97495
97398
99284
99371
92538
94676
97548
94665
93819
94188
94261
90027
95339
95720
98371
96833
93601
98137
92193
99663
90515
90586
99805
98149
93891
96988
99729
92462
94219
98797
95651
99493
96005
97824
98640
90074
94281
93011
91845
91046
92058
92522
93945
99854
92485
95202
90796
93491
90260
93574
95639
98083
90455
93857
97003
90154
99302
97205
90011
95741
90765
90360
91181
98898
94705
93188
99007
96841
97359
95228
92617
95043
92467
93285
98635
91877
91895
97354
91989
99106
97875
92720
99880
91432
95101
91937
99366
95650
99814
91594
98100
97469
94763
95240
94630
92036
93450
95667
99394
92354
94431
96869
90023
98350
96612
98410
94903
98152
99447
92705
97078
92322
97745
98747
96531
91225
99403
94189
92623
95498
95774
91405
90058
99683
98632
92084
91120
99470
94734
99278
94125
93719
98814
95414
93042
93454
98524
99715
96061
91366
90329
98722
91519
96992
93619
99169
98037
94728
91435
93322
91993
94084
90114
93091
99518
94201
96877
90697
92088
97521
93934
90504
94490
90749
90038
98726
91436
94732
95569
95166
94441
98758
95226
93883
93685
98900
93188
97729
90570
94502
99199
95089
95400
91677
90476
95818
91204
97784
93528
97371
99115
96246
92052
91440
92893
96765
91905
95998
90219
92057
91816
97633
96168
98531
98996
94246
99951
94994
92078
98778
99431
90446
99935
90484
99185
99281
93825
91475
96962
99809
92068
92704
90268
99915
90963
95418
99507
91877
93043
91200
96613
96904
93906
96152
98437
98772
91853
92529
92287
95111
90348
94165
96950
94333
91924
90441
96318
95989
93571
97186
94280
92426
97865
91921
98940
99990
91157
95148
91418
98781
99966
99027
99513
90946
99425
99685
99289
98865
93052
99673
98341
96210
91478
92619
92885
96854
98799
93028
97112
98837
99189
90316
97318
93231
93106
97699
95182
90607
91981
93351
94283
91050
92626
93347
91453
97169
97765
93379
99883
93407
97068
98920
94030
99097
93871
91636
97324
97160
96348
93149
92434
95155
98335
95982
90431
90429
94223
95489
99548
96550
94388
95892
96472
93922
92475
98147
93064
93463
93502
97323
99274
98627
92277
92384
98626
97653
94841
91861
96087
94900
91824
94736
99422
97424
91470
97064
94192
90499
91831
91336
99427
93732
96179
97418
95727
97593
93015
90980
90041
98734
92261
97814
91689
91298
92140
90123
92345
90566
97108
93974
98621
94765
95747
95450
99694
90625
98974
96714
93925
98363
93158
92204
97882
92170
99743
99489
98304
93008
92863
98914
92603
91507
99082
91113
96301
90157
98882
91711
96433
95557
97796
98076
98408
93526
96214
93877
90060
92099
90768
93364
90721
90051
96973
98794
94991
91472
92309
91216
90630
90150
91300
96976
97459
91025
99297
99703
99504
99817
99675
90311
95759
96109
99923
95571
95857
99578
95707
99223
95742
93894
98433
98241
94971
97865
91021
90874
91683
98803
98684
92396
93452
98836
96332
99103
92266
90855
91891
91053
99690
97187
95321
99247
93896
90696
96395
93555
93711
94979
90396
93518
96076
97623
99828
95371
92387
98047
91954
95093
96074
99377
96499
99142
98482
92002
95246
91589
92597
94992
95377
98874
94522
90384
91432
91076
90713
94509
96505
91696
94945
99992
91947
96305
92736
91815
96212
94089
92528
90946
97764
95308
92308
99423
93954
92023
97556
91498
97664
99028
91401
96464
96162
96882
90713
90153
92109
99159
92462
93690
94922
91621
93164
90127
91829
91843
90438
91770
91858
94056
99827
93681
92711
95405
91894
91674
90061
96698
94278
96375
91103
92767
90968
98432
99418
95054
96297
93779
96130
91737
94368
92055
93185
98802
95510
95677
98122
98802
90158
91910
96176
92758
97117
95308
94758
94620
97541
93337
97388
97046
98173
93683
99032
91848
97388
97793
92448
98392
95409
91508
95627
98499
95713
90324
93704
96939
98054
93767
94820
92460
94844
90638
98333
95525
91651
94490
95502
95364
99501
96578
97306
90809
91337
91755
91424
96460
97518
91290
90560
98179
95557
95457
97268
99658
97425
97852
96245
94844
93703
92887
93642
99401
97627
97683
94369
98035
93635
99655
92603
93544
94403
91498
97727
97719
97586
96001
97818
93882
98443
94108
95433
95743
97398
91036
95941
97519
92168
96855
96930
95830
92596
99941
98334
94713
92538
93964
96818
91329
97248
91669
94720
91384
96592
91610
93356
90136
94108
97199
92872
96934
99440
90983
95985
98711
97014
90859
90931
90557
96929
99139
99729
99590
95009
99780
91480
91684
97714
93933
96826
99313
94168
99002
98940
92749
91968
91819
98428
96184
95615
92287
94420
94922
96439
99800
91745
99775
90688
91163
94609
99983
98104
95327
90457
96585
96750
97247
93806
93999
91118
90437
98771
98775
99601
95387
90707
90967
94321
98902
91958
95383
90989
97651
94032
97085
98988
97703
98720
97946
92178
90723
93606
98821
99088
96594
93262
94930
97064
91722
95989
90439
98749
92066
97384
91893
90802
99993
96262
99150
94172
94484
95479
96787
92436
94918
90067
98543
99713
99693
97767
92318
92493
92269
92499
93477
90362
98885
99626
99775
99030
94153
92958
92077
95353
93009
97363
91242
98103
90090
97565
93018
90110
90516
93293
99616
97135
99248
93231
98747
96284
99735
95459
98327
92168
96399
99992
97815
92083
99653
99854
95192
92464
96608
90709
91974
97639
95406
95496
97306
98436
96211
99733
96219
92630
97258
95209
96391
91388
90124
94633
92421
95877
94360
97455
96509
96042
98001
97597
99725
99166
97083
97072
98562
99319
94306
95606
97380
99991
94206
95283
98489
91362
99823
90969
98155
90468
93753
91793
98571
97272
94640
96341
93011
92137
98769
94369
93760
90527
95161
90816
90198
98880
91821
93720
97455
91581
90168
96187
94427
92679
94512
94046
93622
97594
93490
94993
94299
99444
90806
92105
94684
91787
93299
94444
98636
94639
95435
90141
97099
93392
90586
92823
94898
90930
91201
90542
99018
91678
91849
97474
95331
92574
91444
92558
96973
90022
93540
95977
99023
93795
96465
93949
90968
98509
98298
94599
90532
90853
95209
92904
99922
96031
95517
90643
98234
90045
95980
98087
91859
95372
91284
97780
98083
96361
92485
97155
95759
97240
95229
95974
90917
90017
93998
96617
94497
91739
94319
90097
93997
90606
90922
98355
90769
98243
96144
93839
99931
91071
99556
90698
90431
97164
96729
98011
98652
96250
92340
94361
90155
99569
90412
94850
90609
93200
92371
96128
98823
93152
91825
92414
91843
93045
93489
95622
94577
95505
92525
95688
94105
96553
99707
93010
91918
98193
97299
93476
95681
98191
90284
98001
95801
97587
97702
92714
91094
95868
99227
92978
92110
90952
92846
94270
90342
96101
90513
95633
96443
98749
99999
96866
90831
96826
92813
98940
95620
96636
90013
98195
97680
92586
90023
98824
98817
93147
95144
94854
90550
99314
96366
92380
97764
91516
99274
95184
97671
98450
97386
91989
97886
96635
93104
91630
90221
92603
90586
93184
94835
90611
99332
91702
92729
97501
92038
96624
93309
92911
95373
99164
97662
97441
97721
97012
97572
93549
93649
99533
94861
93976
90896
94328
95599
90328
91992
96496
98992
90060
99300
95210
91247
93574
99200
98354
90674
94380
98448
94853
91377
94368
93287
96081
99446
93098
99837
92257
97337
94734
92456
97105
99243
98737
95328
94199
92720
90775
91346
91425
99538
98429
91516
95754
91810
92220
97588
99138
97820
96258
90357
97746
95630
94364
96208
91009
91571
96919
94851
93950
95009
90880
91910
96161
90399
90423
91070
93426
92582
98478
91794
93501
91505
90081
90317
95811
98132
96886
93532
95974
94134
98474
97710
99936
94192
90126
96551
99257
91177
98659
95970
98621
91323
97575
96253
98986
98604
90323
95712
94983
94976
95770
93829
93115
95864
93115
96029
98130
98358
94448
96675
98527
92938
91881
91647
98577
98214
92787
96987
93471
92205
91035
95448
96238
92934
94335
98541
99949
95778
97787
97656
96357
94914
91590
94219
92648
91476
96449
95454
91213
91560
93723
99307
93511
93108
98564
99354
97960
91881
93411
98112
93558
93211
96062
95068
95456
98050
91253
93934
96059
98928
97186
92212
95423
93883
98758
94929
97647
94175
97404
93598
95800
94617
93372
90909
96493
93774
90050
91419
96633
94924
91521
98614
99128
97695
93890
99115
91353
94568
98155
95493
90021
96101
97378
90210
98807
93611
93754
94534
90512
98332
91795
97899
93872
91601
92293
95192
96205
91510
98018
91686
97020
97631
96120
97935
94418
96918
94143
99861
95683
90706
96242
92463
95794
94828
93671
99096
92762
92321
98989
92135
96677
90930
96514
94953
90139
95662
92531
99636
91347
90039
97520
99606
97543
98351
99219
91437
95726
95229
99757
95538
99614
98143
92247
91071
96646
93071
92284
96538
96531
93494
97582
93775
93289
98137
94625
99749
96039
93415
94670
97535
99895
92426
92683
95091
97235
93511
91865
98074
91345
97882
93318
90820
98974
97648
95083
97813
95711
92672
97311
96532
98220
97129
90635
91356
90391
94378
92946
97391
96226
91819
95739
92536
90905
95776
94933
95870
92866
90122
92662
90552
93989
91365
95900
99799
91995
97220
94994
95246
99047
95299
90185
98003
93166
93500
97010
94056
94604
93905
92141
97330
97571
97569
99609
95679
98825
98433
93699
97341
98558
90788
98796
97996
95731
96216
98401
91465
99559
92719
95205
90280
91191
90894
91636
95908
94804
99418
95603
92240
95310
94872
99303
90091
90652
98975
99895
94941
90296
99672
99632
94922
97903
91217
99566
91120
95431
92347
95384
97687
97938
91002
96071
94967
93216
98620
96161
94842
98041
96993
90119
93884
93329
95908
93047
96501
93749
90349
95357
97272
93463
91905
90313
98908
98587
90232
92404
99886
98668
96869
91412
93686
94043
95558
91730
99794
93289
90307
98982
95140
95121
94888
96348
93483
92108
95186
91095
99422
99337
98890
97798
93143
99778
95369
98471
91825
99506
92279
91401
93677
90172
94412
99888
91016
93165
94642
99251
99473
99726
96402
95510
91479
93995
92083
91940
93472
91394
91997
90365
97972
93084
94070
92468
93581
98310
95332
92691
98280
90383
92436
98336
93961
98757
99946
94391
93045
99218
91912
90289
91232
96549
94413
93309
93984
99191
94133
98683
98140
93423
90822
99557
94261
95339
99515
90959
99713
92549
91781
90630
97315
93893
93927
96197
99452
94749
94106
92517
92929
97488
99561
95227
95607
91542
99861
96558
91831
95183
91931
97273
90048
91597
97905
94246
92615
95134
97394
96612
94805
99713
91628
94729
97266
90277
98125
95210
93785
99923
91013
92212
94097
99873
93952
99835
99731
96811
99720
93012
99351
92259
92961
94596
98942
91667
90325
94462
91304
96669
95299
92412
98805
92557
93401
90425
93110
94463
97069
91362
95672
99927
98597
90616
93220
92627
93755
94414
93127
91836
98373
93469
94631
94892
95066
93497
93171
95418
97566
94784
96774
98314
95634
91391
95385
93678
94445
96867
96319
95685
98468
97426
91579
99224
91416
95394
95699
96609
90580
95453
95998
99031
96051
93730
90620
92608
92701
95059
93604
96843
95594
96927
90373
94100
97501
99527
91477
92320
90617
90124
97220
99602
93215
96491
90880
98513
95983
98579
93637
90019
92112
99771
90019
91797
99786
99062
98730
93355
95697
93379
90042
90833
93424
94827
97582
97711
91077
91148
99320
93682
98485
98902
99839
92919
95393
97979
93534
94669
98587
92911
96322
93650
97746
91175
91626
95085
96856
91163
94945
99371
90519
92841
90140
94353
92197
92232
99739
98984
94507
96826
90998
90728
90025
92755
99264
90503
94787
96179
90244
93168
95612
90668
93202
98628
96723
99605
97810
98446
90733
97622
98417
95558
94024
97893
90817
90125
96749
92790
98271
92895
93285
93783
95478
98487
99815
92798
91491
95003
91895
91267
95126
93025
96364
95010
99366
96657
98760
92790
94405
91591
99529
93883
92575
90344
99727
95322
92176
92813
99683
92632
91423
91061
92139
98788
98160
90866
94738
94922
95781
98972
95435
92835
90873
94220
98388
93816
93520
92764
97192
90392
96881
92447
96945
97709
98727
99058
96552
99028
93918
97697
97945
95466
93484
95729
99418
93562
92908
99950
96175
95502
99513
99482
92355
95912
96424
97633
95295
96020
98469
90541
94601
90661
93634
97713
95716
96145
92162
99797
90099
97303
94260
91864
91891
90163
96517
96273
93971
92671
96596
97818
94703
99615
95540
95245
90346
99494
97126
97475
97084
90450
94092
99890
90954
99582
91778
95917
93561
94977
90756
91795
96401
92602
91348
97884
96866
90843
94588
98187
94539
93933
96150
90838
97294
91752
92036
96234
92847
97566
97405
96219
92960
97165
92822
97270
94235
92530
95434
92976
91628
90701
96074
96291
98183
93822
97177
99989
97268
99464
90493
94578
91636
91316
98087
96484
97009
99027
94857
95799
96560
92629
95927
92033
96660
91295
97627
98437
93582
98416
96523
90246
95444
94981
96973
99900
93623
91074
94002
92764
93127
90912
94988
90162
91932
90337
90555
92638
95200
96894
92388
95287
91453
91725
93267
98708
94274
99376
92482
93690
94922
96338
98059
95083
98357
91614
95707
90482
97611
92962
93260
92319
99175
90583
98517
97757
95142
95964
97876
99394
96203
97360
92903
91162
93278
94962
92076
98095
94569
98192
95355
95615
99103
94736
99933
93900
97490
95992
96531
95512
95509
96356
96979
99975
96417
94479
95438
97280
93409
93017
97588
93371
94537
99693
94412
94626
98575
96542
99742
95033
91807
96106
93681
99330
92532
93035
97212
97722
92184
97066
96801
92944
99413
98668
91702
98448
96206
91790
90757
97235
93187
99068
99983
94514
94601
93642
97020
93732
92181
98281
93562
94781
91072
96906
92342
95228
90308
95801
90924
90242
94945
91808
90582
94589
96907
92628
94897
90524
96812
99984
99352
98714
99627
99839
90150
95405
92871
95143
97777
98009
97246
95639
98404
92951
96091
96137
94144
94220
91856
99389
91354
98380
94894
92174
94747
91974
92330
93558
93873
90248
92497
92393
97703
91885
93465
97105
92515
93066
92599
94538
98032
95581
97735
96246
96876
97939
99554
99943
92798
95483
99066
91095
93831
95337
93712
94568
97587
94719
90531
99148
97200
96599
95086
98305
98120
94993
90400
99094
97882
93268
91009
97284
93288
92780
93445
90922
91989
95856
95938
96401
98395
96700
96921
90803
97020
96156
94088
91803
99905
91405
93128
91732
98624
99678
98039
95547
95473
95846
92985
93388
92977
97335
98991
97165
95555
96274
97510
97208
92324
97960
96829
99361
95391
96807
96637
95142
93714
95772
90668
97565
98630
92937
97272
93064
93478
99385
93025
95577
96418
95817
95008
92320
92484
91456
93305
92009
98204
97678
96411
95388
99700
90588
98746
94783
93076
91234
91298
94127
94126
99575
93497
93376
92913
98422
96905
91590
97607
96600
98991
91068
91129
96333
98378
90879
93589
98484
91273
91899
93316
90679
92488
97017
99337
97587
93460
99578
98561
99653
93985
90319
91676
96462
93974
98057
92732
93532
96517
92229
98775
96871
93737
96000
97522
97871
92512
97107
93021
92251
97979
99883
91545
90653
98948
95944
92524
95247
90818
92942
92253
96221
98417
90468
91287
94397
93291
99689
99998
91374
97409
98642
90587
96587
97990
98244
97989
91452
96215
95003
96594
94367
95964
95193
94460
96781
97377
91838
91785
99731
94066
90194
95833
92321
92085
99668
90173
98466
93388
90078
92158
95861
96453
98012
98901
91668
91970
94655
98619
92633
92069
99916
91244
93532
97425
98951
99407
96676
97746
96214
98544
97008
97670
99116
92736
91811
91882
98004
91128
91433
90395
91719
98296
97582
97349
98319
90748
98740
94468
98652
90937
98008
93315
96457
99575
97339
98913
92386
96862
93492
90925
90959
93292
95282
97638
98792
91127
98763
92244
99706
98324
96798
90580
97255
97737
92167
94388
98111
95746
98819
94417
90314
96121
94191
93240
98886
96895
96585
98526
97549
90277
95553
93689
99355
98250
99929
94345
90942
99383
97712
95780
94797
95595
94354
98799
91444
91155
91158
98707
98787
90014
93496
94961
98964
91740
99322
97059
94025
90762
92072
95612
90519
98444
98465
96231
99608
92542
90922
97850
93762
94070
96398
96408
93242
97231
98242
99439
95617
94169
95382
97055
99365
92592
93613
90034
98256
90975
97052
96304
96650
93022
93919
92963
97122
90339
99738
92168
90869
99853
92767
95725
98261
90421
91009
94992
91604
91268
97508
99871
94648
93453
90812
93049
93762
94355
90447
93424
93764
94356
93042
95703
97393
94351
93364
91512
91143
92484
95905
91056
91763
98600
96936
93372
97103
95313
93927
97475
92186
95281
99161
96391
96409
95338
96946
90933
90567
99428
99393
90352
93073
93980
93956
92572
93144
91294
97074
97532
95034
98793
92143
93395
91413
94597
96791
96846
95937
92750
93972
95512
94691
94674
93729
92673
93738
96912
97668
91840
95317
99103
96144
91540
98360
90249
98955
98691
99953
95809
93952
92331
93134
92930
94387
98140
92966
96218
95026
98180
97244
91838
99143
99608
90364
93469
93313
90709
98902
99627
94621
92552
95275
98256
95374
99786
91489
91094
93690
94697
98426
97308
94441
94453
97377
93163
93954
92713
99615
92069
93590
93206
96665
97264
91867
94752
98646
97600
92148
94267
90556
95403
93074
96756
96700
94262
91918
99035
91595
93703
96799
96964
91627
97195
92330
94372
95507
99713
94659
95510
93132
91148
96124
91875
91850
92276
96742
98550
96326
90703
99658
94826
93209
95230
90295
98810
94627
98412
94454
95952
95171
98751
98898
96989
95480
95908
99065
91687
91790
94613
92439
90911
94885
95516
92889
91082
93786
94158
90776
91860
99189
92405
96012
90033
99188
90269
96417
99997
95141
99825
91685
93992
98659
97129
94078
93278
91669
92463
90552
94827
90226
94056
97465
96793
99368
95459
98202
99987
90641
92213
96138
91931
96166
99119
90179
94645
93097
95461
97806
97286
90152
91871
91023
99976
93537
99171
93895
95727
93036
96492
96465
93242
90265
93256
98766
94535
90225
97156
90363
97839
94098
98240
95400
98031
95986
97332
90489
93979
98783
95628
92933
94595
94670
91081
99765
93159
93906
96383
93870
92512
91484
92785
92052
92100
95017
93792
91348
91532
98778
92845
94089
94295
98196
99509
99278
99587
96326
99396
97686
99857
98796
94073
90743
96548
96582
98565
98781
96808
96577
95673
92479
99469
98377
98329
92443
99489
91965
93469
95811
96202
95047
93488
95445
92245
90668
94247
96880
96817
95462
91820
90486
99054
96358
93690
91521
94735
98926
93930
98690
92267
93660
96077
92646
91983
97438
91853
99455
96110
96181
98670
90469
95496
91281
93939
99277
93133
96776
99608
98447
93867
96417
96063
93634
94248
99816
90563
90267
96471
94667
91692
98546
95535
97655
97989
95742
99368
90155
95866
90899
97477
96033
99207
95971
94909
97980
90608
99141
94782
95649
92156
90602
94443
93613
91820
98459
97462
99616
90071
92557
96058
93971
90196
97017
96337
99033
94889
98075
91757
93673
91200
92386
98611
91406
95676
92418
90990
92422
91627
99739
91709
99126
90846
94088
99948
92022
92817
95933
96016
97757
95491
92920
98544
93984
93030
96069
99693
96331
97574
99886
99483
91202
94048
91638
91241
94406
99310
98981
96351
99686
99518
91845
97958
93087
92497
94016
90117
98817
95101
92225
90971
99757
99101
95702
95981
91102
92940
97144
99996
98734
90881
96843
94963
94914
95507
95288
93499
92580
94335
96024
97174
96182
96357
99741
92412
91295
99773
92610
96150
97519
97832
96761
98078
99120
95787
98437
96187
95751
98249
99846
97578
91168
92920
94034
97089
91343
93621
98190
92117
94626
92820
99720
93228
95671
91442
91146
96623
91735
91662
94446
96345
94650
96571
92777
91227
94291
99141
97718
94005
99662
91770
93119
97788
91884
96803
92462
98104
99287
97919
95228
97126
98604
92033
99170
90370
97795
91456
99650
95128
95446
96456
94202
94241
98884
99073
90378
98390
98124
90068
97562
95062
95642
92224
98929
92561
92546
94869
98039
92994
90208
96456
95617
99053
92655
94293
96027
95561
99098
93135
99644
98276
97867
97224
96898
99241
92695
93580
92094
90070
99846
97891
90282
92030
99856
98155
98451
94490
90824
95415
93082
91370
91131
95355
99716
98616
98204
99324
96606
94374
96556
98437
93752
97550
92667
99798
90645
99758
96509
99609
90936
90251
99515
93949
99855
93385
96596
94346
90742
93399
95476
91924
90303
91850
90045
90849
98329
98924
95684
99110
96514
91003
93599
92200
92762
93384
98089
93244
91882
98840
95356
91243
90954
99841
94988
97707
97793
94667
95560
90738
93929
95417
93936
94792
99307
98950
93806
93822
94514
90173
92742
95245
97760
90774
98638
92317
98061
95492
95785
92846
93127
92314
98016
92923
90293
92623
91380
95354
91509
92239
91629
93839
98889
94548
92408
95561
95584
92463
98533
96846
97892
96842
94952
98790
98378
95153
96089
92395
96560
95687
92154
95584
93216
99412
98672
97741
96748
93698
93029
90910
95190
99548
97136
90648
95428
96743
98446
93642
92004
99347
92511
93726
91448
97394
99030
92626
94548
99258
99900
96927
98133
93203
92181
98109
90051
95913
91062
98227
95824
90439
97958
99830
93161
95885
96650
95065
90969
96475
96049
95547
92810
98108
91592
91543
90845
96470
98548
96305
95212
91867
99576
98951
95543
92517
95771
97224
95842
99773
95126
99643
91291
95928
94838
95103
95760
97643
94243
96812
91725
95808
93243
96614
90116
95687
97093
95188
96223
99585
92144
93406
99193
97928
98703
90223
96879
93675
96595
92864
94851
99262
96158
95774
98238
94916
92453
95859
97704
92078
93272
92844
96389
95971
92173
95243
92895
96842
96199
94410
96511
90332
94235
91387
94818
93570
95975
93879
90480
95108
93420
93570
93638
93599
96459
97216
98634
92259
91659
98475
98956
93569
98650
91269
92310
91431
91688
99614
98477
96034
94861
93351
96233
90070
98232
93941
92033
93611
98720
99602
92374
98960
93949
94472
93804
96083
99482
92169
99383
93870
99849
90173
98099
92376
91624
97761
94177
96464
92431
96924
96544
91814
93198
92595
94810
90129
92253
95847
97023
91570
98922
91288
96208
98907
91162
97766
97233
99735
96486
99732
92879
90170
97917
95125
98203
95903
97049
94480
95200
94227
94428
95114
95622
93702
93397
93698
98374
96504
97333
90322
99332
92174
91750
97211
95676
90480
92150
95691
93840
95425
95686
95685
90066
92026
99719
93059
95192
92454
93164
91483
90791
98330
97170
97091
92075
91578
90113
96241
94069
97052
98139
98881
91485
96370
96582
92693
99454
93889
99455
96011
91813
92512
93903
90788
95990
99209
94036
90363
98715
97495
93866
90643
94748
96912
92209
97468
91601
97565
93371
97361
96859
91188
96182
93683
91099
98835
90530
95263
98631
99341
94907
99989
90358
91978
90713
91570
97860
91332
99039
93682
95518
92416
93489
92066
97934
99207
98239
91780
93223
90410
93962
93797
98837
92087
95533
92390
95511
97981
94467
92330
96641
94869
95963
92868
94941
92059
95101
93616
95603
91302
99248
96031
95307
95783
94075
93004
99461
94622
98687
98222
95788
92374
91350
96433
91028
91378
91030
95515
98892
98474
91549
91345
91692
96645
94545
96851
95036
96384
94608
97364
94920
91268
95001
95390
99122
97108
95152
99274
90368
94305
91803
91875
96957
98614
94067
97332
97697
96339
98996
96283
91868
96234
98244
92468
91701
91812
98373
96577
94366
94610
96983
96393
92843
91066
94408
95813
90205
93100
96010
99171
99807
95222
93242
91430
94701
99066
92615
99285
93159
99599
90449
92979
93638
95950
97857
93735
91725
93800
94812
97100
93646
95552
94331
98212
95794
99165
97824
91028
97368
96431
90473
99886
93723
96724
91158
98423
91292
92837
94868
97845
91079
91333
96818
93801
96595
91091
96552
98721
93892
90150
97201
94368
95833
92823
99769
97555
90136
96120
94803
90545
90862
96991
94178
96423
96033
99622
93789
98961
99805
95079
93970
95873
96284
93959
98152
94217
93441
96410
91881
96711
99830
92837
93698
98202
93864
92967
96569
92172
95235
90512
93568
98253
90749
95652
94348
93013
92312
97760
99544
97947
93101
96383
98737
90578
99070
99336
93835
96817
96813
92959
93808
95362
95604
91091
98611
97773
90901
96091
99814
91113
99015
97401
92969
93530
97768
90524
92070
97028
95971
92084
99592
95815
95332
94660
96556
93055
92002
98460
95799
93667
91396
95599
98235
95868
99144
96719
96242
99583
93081
99005
90547
95531
96015
99270
96948
94842
96704
95718
97066
95404
96942
97220
92951
97754
95927
99526
98786
90331
99230
93663
94237
91160
98544
93005
93026
90632
90178
91931
97222
97941
94752
90851
92421
91960
97943
99474
91500
95850
92262
92602
94974
93550
92856
90540
94074
95437
96091
99184
98660
99901
98287
93310
95814
97373
93401
90181
96534
93425
92661
99656
97349
97941
96222
91244
90846
98116
96736
98185
94140
94010
97429
93567
97120
96768
92729
93737
92940
91252
97796
99817
91684
96772
94402
98994
94383
91919
94517
93464
98627
92056
99712
96370
98926
90945
94003
90901
94647
91185
90116
90844
95862
91679
94348
98278
92791
94166
93137
96899
97635
95026
95279
97462
98536
93004
97303
95236
94195
98300
95970
98041
94208
93540
91041
97414
94600
92556
93553
94779
90208
98610
99644
99101
95602
99717
97686
92442
94017
95077
96906
95079
99449
93259
99031
92404
90468
99750
90526
91682
95614
98760
91983
97953
99250
91756
92881
94821
93697
93101
94521
97710
98125
91389
91281
94270
97204
93594
90503
99063
92841
97974
94288
97367
90456
90848
92295
96054
97208
91797
93218
97798
93328
91643
94046
98607
99310
97623
90422
97633
91063
90605
98492
92532
92354
99859
98440
93271
98880
91987
92621
92203
91096
91886
96642
98463
93609
95319
90060
90338
97355
94608
94450
90069
97064
91238
90530
91785
90566
91760
92742
94726
98401
96274
99232
90729
91867
91993
97547
97079
95174
97889
91494
93242
92681
90311
92621
92751
95321
93552
90553
99582
91287
93863
90015
91698
94798
90142
98813
93155
93333
99650
90236
90132
98109
92472
95429
95563
94795
94187
96094
91671
91425
92212
95574
99638
98336
97638
96847
90868
90556
91012
99234
94892
96554
97496
91743
94798
98473
94108
99891
92280
98092
99315
94551
90863
99616
93198
95939
97708
95083
94553
93197
91474
90728
99888
90186
96186
92915
98060
91100
98778
90420
93477
95292
91043
95784
90245
99303
95096
92204
99397
95506
95127
94018
91472
91016
97230
98222
97065
97531
93388
91641
98710
92655
95311
93401
98473
95890
98779
95167
96986
97991
99346
92243
91267
90637
95865
97080
90682
94510
99124
92999
92637
97759
99078
90000
92205
93574
95666
96437
92781
95129
95006
99992
98072
98501
94850
98944
99253
99358
90665
90006
94965
97152
96405
92171
95971
91394
92123
96922
90764
98133
93922
93967
93173
91230
90439
98172
98128
92214
94052
97815
97124
94558
94287
96422
90646
93066
95549
90503
90846
96735
91210
93290
94096
93912
91335
90251
99676
91898
91905
95566
97866
99200
99229
90032
97920
97599
94451
99933
94055
92902
99532
93294
95422
97788
97903
94633
94313
97530
90106
91833
95305
99514
97156
99092
96946
90481
92130
98024
96697
91189
93505
94947
99326
96806
92186
96147
98720
92764
97798
94476
93160
90011
98843
90036
94534
90676
95617
94891
92629
94978
94402
96762
96720
92903
96383
99480
97965
99631
94973
98605
97803
92003
90811
99075
99489
94421
94530
98006
92191
96461
93617
99813
99650
91257
91132
92760
98323
93212
90911
95678
93109
95963
95955
91154
92326
96695
94164
96792
97405
90878
98308
99278
96949
92272
95185
96941
99240
96692
92293
95255
92082
94381
99010
96300
93925
95128
93283
97586
95640
92266
94126
97841
98022
96556
94860
97368
96103
98636
91930
98408
97733
99163
99409
96582
90501
99111
99852
97913
98053
98754
97998
97209
94130
92792
95051
92660
90246
90814
97732
98368
90800
96824
98092
91245
97680
98908
97242
91225
94881
90294
98526
94027
92547
96035
93460
93896
98966
95317
96783
99637
98525
98035
95355
91063
93410
95655
99297
94514
96903
90641
92796
95532
96559
95741
96266
93920
96228
94300
91198
91470
96942
95431
93973
95444
97994
93332
95116
91529
91221
98361
96080
98441
93424
98562
96463
92601
94187
94248
90798
95399
98880
95004
95495
97418
99596
97979
93364
93713
99940
98706
95250
91735
93125
90866
95727
98824
96685
99360
92588
99310
91240
91885
97858
92229
95225
97770
91502
99416
92274
99278
97605
90301
93018
99794
96867
94114
98490
95355
98501
92438
98004
90849
99287
95000
90429
99852
97440
99478
94110
97579
94203
91671
97325
99690
96637
95887
98153
95805
90934
96619
99882
95508
96784
91674
95685
96334
99801
93796
94196
97784
90819
92527
95815
92752
98017
90559
98116
97939
90216
99136
97556
97784
97487
95240
93833
92239
98218
99182
92724
97335
90197
95051
92976
98869
96921
97970
92941
93808
99349
91563
93028
91020
97627
96182
90770
92800
96909
93479
96317
91347
96375
95727
97521
99781
90728
98924
95402
95642
99073
97161
92784
95852
96905
91997
91127
96085
93133
94661
93203
94195
95557
90780
92135
96905
95031
97021
90552
91298
90646
96566
97131
97831
95711
95649
91632
99577
97056
96503
93685
93158
98231
93052
95053
90483
90546
94400
99865
96788
94580
97768
92411
99697
98779
96911
97478
96111
91076
94231
93926
98520
94068
94829
98232
90057
94252
98549
91060
98056
91010
91711
96575
99182
91657
93666
91164
95294
94674
94573
95533
98139
94473
99882
91695
92675
97508
93859
94314
93383
91372
99220
94031
95273
95621
92437
98972
91461
95518
94596
99436
92162
97612
95829
99932
95745
99142
97292
92207
91095
91612
98411
92643
91948
92584
98693
97541
98078
98690
92803
90166
95285
97235
94764
94165
95952
93303
92189
98985
94629
94285
94256
94266
98582
93942
97770
91817
91506
93686
94107
95764
99753
99648
96104
93725
94291
90254
98014
94455
98375
90553
93539
90310
90444
96321
96660
96081
94093
93113
97472
99287
92159
92840
90571
90850
99924
93204
96669
99214
93246
93382
99067
95456
90992
92729
95354
91684
97629
97909
91305
90133
90986
97924
98312
95749
92293
95757
97876
90778
90436
99999
96727
95884
90031
99745
93928
98694
93405
91303
96969
97264
99860
95803
97311
92982
91702
92662
97079
94653
95431
95059
97703
93123
98216
90054
98160
93693
94314
97781
95199
91789
93474
91301
90408
95874
93480
91092
99340
90430
92024
95919
96011
90989
98855
94883
92064
92658
97746
93809
93637
93345
99289
92820
90541
92992
99684
90941
91749
90534
97787
97871
98388
90975
92516
92702
90450
96049
95360
94268
96220
93228
98254
98073
94118
99524
95342
90306
95033
98462
98268
90287
99530
90907
98538
98914
98379
92995
97256
92150
96708
97332
92029
95387
91825
96815
93241
96676
92226
94000
97017
94210
90655
92717
90212
96204
97190
92845
93532
99388
99309
93571
92496
95661
94621
95275
92376
95185
98526
95237
92476
98137
93475
97784
97141
96698
98662
95195
95755
93431
99018
91721
91657
92169
90182
99396
90352
92741
91783
90994
90726
91462
94770
92404
99052
95146
99845
94026
94484
97604
93065
98341
96500
94070
91626
98712
99250
90822
97475
92703
95148
94361
98969
91710
90215
96967
91064
97553
96638
93171
92703
95813
93815
94764
95977
95163
97757
90301
95424
91731
90142
98784
97383
97613
92524
96153
98717
93034
98255
97559
91411
92415
94547
97989
94556
95575
99723
98757
98066
96680
96231
97619
93094
95169
98267
95817
92578
94875
93938
96225
91580
99813
95852
92983
91191
97710
90716
94446
91625
95247
98072
98127
99843
92192
90681
98417
94548
95139
94180
95283
96727
95389
91667
94913
97021
99682
99628
91316
92204
96930
95235
91261
91743
98892
91455
93623
92052
97803
95651
98188
90379
99403
99374
98294
92514
95467
91928
96275
98470
96038
97923
90643
98139
97828
99541
99160
94563
91956
97514
92512
95876
91126
90907
99185
98272
93647
94749
93289
91406
99248
96240
93622
94502
99588
94840
94015
96194
94535
98879
92161
93563
93829
91493
96541
96223
92599
91688
98815
99398
98305
92101
92099
95899
96205
93639
93908
90661
90165
98611
96247
93095
95745
98163
94312
91851
92904
96897
99568
93826
96347
97390
92599
94252
92593
90006
96055
97500
94170
98865
98260
98893
92985
93125
93595
96266
96900
93848
96673
96254
95795
90614
93451
94391
96009
98798
93971
99948
94941
97961
98184
96177
90801
94141
98475
94106
96037
94023
99894
93370
96794
96931
91867
96690
94919
91375
93230
95558
93471
96492
95751
93460
91503
95146
90053
99516
98936
94656
91777
99826
97761
93189
95186
95991
91531
94693
95994
90300
91098
92917
95153
94886
90926
95531
90580
97793
96926
92681
94329
92343
93747
90372
98639
97463
96725
98033
95411
95673
91267
91311
90204
92361
90375
95715
93625
94636
99198
94043
90119
90581
94047
90741
96582
90031
92134
99275
90978
96159
97451
94418
94199
93077
97671
99945
96758
98436
96719
93652
95601
91567
97755
95832
95333
97111
91720
94398
92409
91257
97284
99680
90526
92727
99094
94603
90336
93490
92522
91423
96854
94785
94794
94492
93511
92506
94336
99624
92646
92254
92419
94554
98427
98433
93829
91713
99685
93658
96138
94066
96942
94424
90380
97144
90045
96513
99488
95528
90243
98930
94639
90064
93285
98295
93836
92840
98186
96564
91527
90589
99663
93707
92791
93584
90928
93562
90766
96307
97536
95440
91356
98261
92259
96286
94976
98083
95611
98172
91123
91833
96558
93770
97900
96797
93203
98026
95270
95417
93780
97774
97766
90094
94180
92214
99683
98495
99391
96324
93348
90757
92743
96093
98965
94480
98658
99216
92758
90806
91708
97361
98640
94992
97226
96462
97501
97916
96469
99621
97327
90699
92369
93149
96846
93269
90284
90032
95181
99076
91858
96694
90036
92428
99064
98285
97395
91923
99839
94967
96391
93343
96321
96618
94033
98007
91640
96263
95834
98088
91445
93112
90006
98670
91931
94593
94880
97431
96968
92974
91463
96760
93139
96278
95633
99835
92982
95060
97397
91733
93532
96318
97817
99000
99379
93331
97751
96278
96902
95509
96402
96539
99066
95509
91804
92321
98237
91800
99836
98891
97833
93618
93148
96754
92318
91841
96447
90082
99028
93669
90020
99744
94640
91228
99042
94418
93704
94198
92299
90969
96582
94397
90238
95730
99412
95892
98942
91638
99228
97654
93580
92257
93284
97021
92155
92650
92765
91325
97964
98786
97598
91913
97088
91723
90868
99484
95427
90125
98458
92189
98347
94881
91979
98250
94819
92542
90779
92992
97094
90105
91906
96133
96417
92244
95228
98934
95053
93547
94647
92384
95007
92513
95284
96979
94184
91115
90859
91851
91482
93598
95091
96011
93328
90818
95877
97304
95482
91960
91256
95285
95617
93690
91714
92704
94132
97977
94268
96510
92918
93673
99934
93400
94406
93708
97687
96777
96120
99287
94829
91725
99153
94814
95786
92071
92546
92459
98811
98974
99341
93248
92792
93576
94278
92343
94427
97227
97533
99803
99406
91523
93681
94499
99912
97015
90162
98128
94747
93780
94924
98270
97704
99281
98618
94313
94410
98935
92776
97724
97822
92633
91702
98637
97771
96089
92483
93990
90529
99355
94488
98591
90234
96077
96988
99362
95191
96155
91116
94773
98560
91359
90313
96008
94750
98124
91571
93750
99957
94298
98370
94646
97716
96890
94980
94504
98081
96053
91005
91027
92102
96434
94469
97546
91636
90818
91547
90582
98217
92554
91111
98316
93703
92623
92674
94097
99713
94441
97021
98952
92499
94438
99859
99738
94828
99361
90115
95052
96693
91793
96214
99311
92214
93903
95591
96510
90983
95652
94988
99084
98279
97778
91662
94038
90056
91759
98541
98032
95450
98647
99578
95478
91631
96187
95058
98864
93281
98946
90486
98497
91727
99313
96804
99662
96796
98193
94156
98769
97831
92951
96211
96512
99019
96756
97117
95256
98121
97864
98576
99951
97066
99542
90243
96671
97419
91390
92666
90604
93740
90605
98330
95742
93026
97390
93022
91847
99033
92132
96691
90364
96119
93271
90243
99853
98445
93799
92329
93258
96851
91288
98044
93878
97545
90956
99705
94219
93847
93866
98375
92132
94680
92634
93655
91565
91229
95156
98398
91082
96246
92842
94490
91893
98862
93563
95590
98554
91437
91130
92818
99732
93966
92470
99794
93468
95892
90901
94124
91207
94765
98877
93470
97574
96141
96438
95659
98298
99343
92191
93969
97023
99278
92137
90656
92819
95356
97888
94091
94141
94758
99906
97438
91700
98776
93276
99737
92251
97759
93221
93431
97678
92336
95084
95932
98885
95988
98809
96644
92009
96816
91107
95014
95259
94377
99430
99641
98278
90867
90625
93270
92341
94567
93746
93543
98945
97509
90836
94824
96376
98587
91745
92109
98689
97980
99014
94043
99216
98671
96698
98434
91183
96106
92638
90277
91310
97585
97126
99287
98385
98835
92189
91194
97695
96421
94755
94653
93950
91125
93884
93525
99854
99238
96934
92493
94863
95830
92023
92490
98783
96486
94496
91286
97906
91759
93226
93698
97118
91616
98530
95367
90040
95567
97242
93820
90685
97793
92049
90621
94323
95644
91594
98809
92307
94127
95032
90557
95452
98667
99756
90967
93233
93334
93803
95314
91543
91975
95111
98643
90040
95247
98240
98627
91234
97435
95404
94855
97345
93078
92784
90297
97732
94968
94919
93619
99204
91862
99719
94203
93890
96379
94113
95279
94521
90981
95707
94398
94922
92684
98920
94628
94346
95199
95053
94326
97857
90576
94470
98104
91387
91102
95675
96696
99337
96199
90430
98852
94612
98374
96257
94056
95851
96900
97710
90946
94271
97817
95559
92603
93016
94120
98749
96552
95212
90525
97361
94277
93006
93086
96118
92327
98818
95134
97027
94664
91719
97466
96648
93839
96437
92557
98147
96753
99803
99661
90842
99306
99648
90115
90249
93095
94124
99887
99759
96422
95210
99489
91057
91389
98787
99717
94126
98591
95054
95393
99258
91040
97314
98245
92891
99324
94171
94396
96270
90734
90069
91538
90948
96119
91730
95795
97979
99557
93551
98538
98256
97586
93309
98959
99929
96705
90626
99079
95083
90124
94549
94062
91924
97329
93342
92182
90605
92938
99130
95609
90546
94535
92381
95296
94571
92671
96374
90677
90542
90104
99792
97642
94285
91455
96363
96284
98564
98949
94076
93330
91603
94670
92907
92792
95245
94861
99243
92414
97204
97183
97206
92775
94081
97574
91935
90539
91823
99374
97583
97249
98092
93701
93213
90359
96714
96740
93110
93684
97748
96562
94117
90381
98036
99340
91500
92717
96133
92463
96606
99392
92407
99905
94105
92975
99817
93449
93952
97155
93345
91876
93382
95919
96426
99075
97232
94514
90825
91171
90662
95133
92367
92242
96973
98587
98683
97965
94594
96962
96711
96621
91598
91206
97081
97280
93095
91921
99683
95723
96732
91268
99775
99659
94181
98778
96754
96138
92001
94165
98399
95733
93503
95742
91806
99990
94409
93948
98505
90954
98962
95652
95346
94146
99901
96401
94569
99283
95248
94596
96244
96218
97208
93678
93705
97143
93647
95862
97977
99895
90588
93677
90306
91392
94978
93647
92849
94649
90543
99805
96344
97641
96006
93421
90167
97344
94139
99306
94538
97676
92184
98384
96854
95806
99010
90815
94148
97292
92071
93909
91463
96866
97659
94296
91592
98322
91294
94391
95081
93941
91153
99036
90625
91146
96376
99424
95098
91678
93815
97852
99310
96480
91316
98709
90305
97699
93014
98182
93501
97718
92241
97618
98319
93998
90657
93220
99066
97635
98008
97811
98789
93016
95479
98757
97579
95722
97088
99846
98375
95934
97735
93895
92704
94955
93595
97167
95977
93240
90403
96304
97004
99281
97806
93410
99171
90085
93488
95170
91389
95611
99024
97421
95358
91484
90534
97514
91948
96612
91143
92911
93581
94890
98946
96040
91371
93080
93754
92162
95488
90195
98222
99175
94706
97193
94149
95691
96435
99680
92699
96463
91663
90422
98088
92298
90178
92963
97911
94985
90204
92401
99649
96393
93161
94480
92167
94961
98635
99532
93048
92038
96848
93544
97435
95205
95928
94627
91757
95606
99096
99514
96159
91586
92517
91367
92779
91466
98040
97117
93086
94175
96259
99871
96435
97625
94457
99460
93716
91225
90826
92159
94504
90721
91102
98770
93483
90668
96226
98812
92084
92302
99981
97410
94247
92267
93695
90593
91007
90781
91034
94199
97226
96113
99676
91352
95176
96007
98226
93575
93948
95614
96124
90968
90663
95844
91490
97652
99338
95649
96851
99643
95927
96686
95535
93701
93524
99047
92144
97331
90003
92315
98958
92087
91497
97051
96386
94580
99008
98020
99669
92223
92182
91945
95893
93594
93822
99389
95090
96557
91061
92491
96715
90784
94293
97689
98098
95143
92925
95351
94605
94618
97818
96243
92208
95831
93872
98160
91897
95046
92649
94733
91958
97625
94134
92396
98519
93284
98781
90820
96969
97229
95860
96740
96853
93266
91765
91020
90676
91335
92432
94064
92694
98531
97311
95225
97188
99692
98431
97725
97012
90851
97017
91811
92256
96486
91848
95325
95748
99376
98085
92715
96838
90078
92644
90598
97385
91599
92375
90429
94224
93631
94260
96600
90498
99911
92650
91294
94202
91681
97176
95850
96035
90059
96350
92029
90247
90165
96131
95594
91527
90273
99770
98905
98198
99977
95082
98864
96980
92367
97973
91468
97412
96561
96537
94474
94657
98594
98300
95236
97861
90602
94333
91643
97490
90553
97825
90280
99161
97338
91479
97393
93338
98926
97606
95106
99993
94548
97157
97387
94819
95337
99093
97747
98907
91741
99487
93378
96953
90140
90522
98479
99979
95593
93157
92927
97331
92387
93676
91082
99297
99166
93514
99557
96037
90809
93843
92055
90759
94954
91226
94008
95057
97063
98324
99697
92149
94293
94113
99749
99402
95059
91363
97478
94975
98167
95245
98425
94655
92637
95817
98592
94050
96961
98912
93393
98191
94402
94450
91142
95274
99192
98574
92010
93787
96985
96182
95829
92619
91759
93373
99843
91834
90542
95154
90595
97775
96751
92334
92467
99914
92759
92955
99115
98435
92351
97838
93001
90921
94164
96866
92549
93709
97882
92472
96065
98500
96035
99473
96490
97624
95521
95868
91309
91991
94689
97502
97490
94209
93731
90617
92180
95631
98438
90214
96109
90117
99948
98872
98095
99232
96016
90239
95884
93279
92559
93732
90683
90052
97742
92168
90130
98565
94710
92019
97259
98104
93235
96782
91000
93915
94988
97542
97190
99612
91947
91253
97703
92929
92510
96447
99326
95858
95317
98173
93312
92394
96463
98766
91154
97126
91833
98768
92057
95717
92629
92753
92839
93989
98783
98137
91527
95735
91944
91123
91816
90654
96994
92883
96698
92903
98611
90778
96106
97593
97345
93971
95194
97307
97830
90141
97002
93191
90339
90175
95697
95499
95666
90680
94305
96634
92529
99967
93925
95620
96100
91744
99772
96766
96081
92191
93085
96794
92806
90293
96929
94136
90271
98379
98218
91266
95686
99636
97926
95969
96195
92062
96353
90257
94707
93778
90593
96281
98491
92924
96878
97029
96076
96468
91357
95875
90355
96152
99048
93105
98295
96563
92190
99425
90642
99830
96039
96163
98135
93799
92253
99397
94347
95741
97469
90534
99060
91572
97392
99022
90239
91410
94791
93826
97157
95842
93159
99043
91961
93755
96476
95613
92093
91740
99513
95473
91359
97189
92407
96686
93148
92003
97881
98090
95354
91530
99386
99845
92861
93820
93716
91879
90123
97564
92172
95686
93327
93204
90249
96176
98897
90618
96977
99391
92691
98481
91571
98712
92152
94998
96809
96971
91861
97003
95727
94302
91492
94628
90600
91955
93998
91689
90974
90400
91000
97763
90517
95990
91818
96491
90878
94244
92368
96110
94381
99339
90227
92385
96405
98825
92563
91216
92598
99748
94358
97993
95677
97391
95355
93477
91529
90655
95525
91442
94547
98738
90465
91613
97696
92230
90142
92544
93677
97985
96636
92966
99752
91207
99147
96921
90252
90085
97421
97468
97630
97993
97968
96162
95029
95782
90965
90637
90765
92034
99575
90613
97858
92247
97576
93444
99835
98907
95640
93912
97351
93124
91378
99411
98903
95118
93375
90864
92862
95197
94822
91787
97398
99080
98054
92751
99445
91427
97366
96151
93838
99256
93778
96697
98942
92566
92088
96302
95703
92931
97520
98168
92878
92083
96536
93776
92396
91597
93980
98221
95325
91631
96609
93858
90670
91432
91302
99610
96395
96773
94737
93419
94474
99838
90180
98326
99521
95207
96175
98446
93599
91521
91395
99703
98205
92197
99674
91618
98061
90094
99336
90669
90389
90461
91347
92762
97619
93668
91516
92253
91103
94219
92989
97559
98357
95420
96653
98950
96575
99641
98663
92341
90731
92610
96330
94043
95449
96423
95827
95339
96001
90010
97793
92479
95285
97707
99805
97221
90461
96254
97904
95417
95000
98083
92871
96286
99387
94046
90816
93024
96417
91891
91758
96153
95105
97738
94379
94651
90589
96554
99859
96306
96101
94224
92842
97957
97048
98165
92932
98342
96587
95657
95875
91116
96664
99064
99574
93274
98439
94935
96448
94684
91262
99617
90273
97739
99908
97458
92624
92232
95666
98935
91314
99467
98041
95116
90782
91366
90340
91753
92338
94859
94202
90992
90325
99202
95273
91204
98833
94028
94623
95759
92408
98930
98297
99702
93357
91148
90394
99236
97724
96546
93481
92671
91768
90476
93805
93092
90882
99365
97771
92344
93268
90882
90456
93174
91429
90416
96550
91352
95532
94253
99048
92417
94045
95312
91262
98343
98725
95610
93268
97847
92946
90707
94790
90346
94688
95307
92688
97614
98052
95938
92725
99105
90087
96136
92080
96565
92937
91949
91210
91125
94805
90721
91075
91312
97119
94105
94514
93637
99383
97032
98572
98281
97714
97995
98004
91227
97780
92374
98809
90720
98005
99823
94676
90335
94253
98706
98521
93132
92955
95495
95907
91373
95644
94645
97082
94125
94214
94995
99601
90671
92862
91991
94066
91141
99646
91159
91384
96987
97845
97153
91119
93051
94927
94448
97016
99805
94799
90286
97576
99088
97247
97812
96684
99142
96999
97541
91721
95089
93657
98259
94338
99106
92941
94230
92118
90540
99095
94229
97738
99911
98131
99297
95911
92379
91639
90362
97374
95591
91308
93918
93528
94048
95019
93775
94916
97135
96381
99606
91679
90769
90932
98449
94375
93270
93878
93651
99084
94508
96193
96817
91622
93610
98190
92258
91831
94628
92265
90162
90440
91416
99395
94235
97780
92681
97211
91935
95760
95677
90967
90578
91937
92332
92595
90569
97271
94741
97140
97808
97198
97887
90388
90924
99033
96237
96227
95407
97385
97404
97399
95932
93285
90488
98686
90212
91990
98855
97290
92574
99103
97174
91206
93112
94531
90327
92693
98762
99067
97439
90628
95904
98951
97736
92488
90251
99606
96195
93957
98649
90954
96017
91770
99167
93187
91835
93290
90403
93705
92290
94540
98261
93008
93082
96918
98646
99811
91958
91676
97486
93358
95211
90408
95282
93980
91225
99201
92003
91318
90356
93956
99546
93296
92007
94405
93211
97950
99144
94787
90690
94497
97709
99854
96912
99658
93364
95897
95771
90198
90857
97819
95202
92861
91919
94940
90422
98450
96042
90176
91194
97675
94768
99517
92935
92563
94170
91302
98185
98728
92101
97698
94523
90597
96490
94022
97344
93810
98458
95022
91098
96451
99366
91132
90549
93496
94031
91803
94433
96942
93289
97543
97458
97418
97871
97001
93047
91806
92085
90588
98420
95344
90227
97470
95669
96029
90811
98525
97332
93738
93734
93853
92631
96418
93306
99777
91032
90950
95705
96929
93049
96833
92886
97956
94350
96717
96210
90692
98125
98990
92136
90192
92387
94119
99214
90949
93451
98248
90304
98825
94164
94681
96464
90735
95635
96304
99256
98990
94199
99754
96379
96327
91120
95186
91467
97134
91157
93865
92646
90151
97545
99495
96039
98006
95132
98187
99768
99364
90498
96270
91209
90156
97702
94789
95279
91406
91002
94422
94326
92487
91325
94852
90860
90312
91610
98132
92784
96899
97204
96484
97071
90067
91435
91137
91869
94554
93205
90321
98941
93800
92981
91311
98015
95815
95935
93574
92133
90097
96123
97462
98435
96390
93591
95677
91907
90236
97089
92754
90606
94721
98659
91210
99619
92615
92792
91667
97581
98157
92089
98255
93975
93182
93366
99918
97619
97955
93038
92853
96769
93138
98258
99245
99084
95637
90770
92721
95325
97714
93728
91474
94118
95756
97840
95903
96381
92304
92104
98789
97042
92599
96140
92508
98635
94749
95652
99608
95973
90870
99925
90197
93679
95059
90402
91981
98634
92897
92404
96606
97549
96355
97791
98935
95827
97387
95024
94335
97615
93334
94468
92665
98550
97291
91011
96699
92047
97034
93119
96999
97234
96795
97309
94880
91568
97192
99658
90037
94078
99993
91490
99659
95734
95987
94632
91390
91953
96270
92750
93391
98464
99451
99207
90927
95862
99942
98584
90381
90041
95345
98569
98447
95414
94188
91259
96323
95315
98782
98101
96188
99318
91809
90658
99983
90341
99389
90187
98581
95339
97866
92628
92767
92162
96295
91993
96184
91720
91720
94408
94351
98982
99738
97070
93180
98534
98527
91253
95045
90440
90582
96153
90380
99944
92714
90854
98031
90226
91518
94972
98130
90845
98492
94646
97163
95752
96258
99463
96036
93878
94922
97623
98481
92113
95502
91205
98932
95270
95600
90739
96105
90062
90961
98447
90994
90501
95474
92522
95673
90228
91237
90570
92419
93250
99853
98975
90987
98297
95839
96341
95580
93621
93135
93397
92038
98392
96133
98811
90079
94106
97293
90189
95056
94367
94507
92201
98598
94274
92666
99285
97775
91257
95544
98631
97976
97654
96092
90277
95547
91594
95490
95054
92424
96797
93909
97854
96502
93826
98813
93225
98274
94981
99885
92655
96386
92564
93130
98082
92211
95556
90600
94129
96266
92879
96302
92366
97362
92378
93321
94509
98750
93384
91979
97852
94189
97340
93915
95509
90896
95316
92391
96027
95581
93446
94837
91829
94470
97356
99665
93579
98066
94426
95730
98079
96715
98410
99464
90539
93553
94362
91670
98235
97298
93069
93236
91431
98530
93296
96618
99198
99601
96987
97859
92288
90109
97308
92083
92594
97013
91898
93977
98872
90861
94027
93570
91388
97398
92498
96805
93959
96825
97067
99826
90426
91388
99922
95710
94045
95634
95345
92440
92508
92682
99031
91331
98309
94149
95782
95821
94089
91002
99258
91563
95197
97528
90337
90115
97213
90874
91214
90150
94481
94141
90876
92072
96772
91907
93801
94222
95132
93239
97832
91424
94710
98711
99046
99524
91867
94805
91143
92805
95257
91148
94387
94656
95720
93487
94446
95752
97798
98058
94638
98100
96494
91032
95995
97829
96486
90130
98362
94320
97429
94138
92289
98404
98194
90086
95868
97731
94962
97134
92878
93133
92907
90839
98574
95831
98905
91409
97334
91677
93158
94788
91950
95263
90916
95988
97851
93698
91612
99917
96771
97128
91592
96192
93459
90670
98395
90857
95915
90307
99057
99776
94329
93544
92268
95583
96415
94103
94382
92471
97141
98813
92257
90904
99012
93982
91692
97334
