7534
707
9039
8138
6437
8335
1333
1789
6879
7522
8867
4163
2125
869
3431
8156
2526
8818
1040
3675
5447
1732
2085
9639
7670
7176
8110
9360
7363
8099
9917
7831
8637
7139
308
7865
5487
1985
6189
5640
3472
6879
8993
5287
6889
5693
9404
6372
6384
2754
2242
7827
6941
8611
20
6747
9051
9280
9158
767
6438
9131
1142
8254
2237
9582
2022
1437
1711
8001
7529
3774
3714
3837
7874
4342
4975
1878
5771
8868
960
5764
3630
9096
4621
8391
998
9659
9606
9699
1335
4347
7690
6478
7959
1712
1112
3281
2660
3346
9249
8319
6828
6828
5660
3308
4233
9325
5901
1617
6590
7175
8708
4789
7918
1348
3154
3550
1362
8656
2226
5727
2632
3804
8872
163
7486
7936
4050
2692
6811
5199
7536
7486
1761
40
1355
4696
3123
4416
2548
3190
3665
5945
6719
5434
9524
5106
6294
43
6901
2060
7747
6414
3272
1374
201
4971
8146
6028
3737
6021
6986
417
9510
13
3325
5754
5367
2052
8357
297
9994
3948
4288
1076
5878
7767
7625
3490
6342
5899
1223
9990
4723
3984
9392
9391
4451
4685
8665
3846
7166
2268
7916
1431
2328
226
5455
8434
5808
6750
7442
6976
6853
5787
1488
357
2512
4605
1711
667
6112
2331
6618
628
1705
7748
9224
4367
9537
8808
9560
9889
8535
767
3366
9382
575
4626
7143
2168
7859
2646
9004
9110
9115
3126
6772
6592
2538
2308
9648
2799
3391
7338
7436
8975
2012
525
1776
3561
3606
1798
7137
7681
4646
3225
5439
6316
1982
6733
7060
683
9799
3747
2730
3827
6481
3390
5367
3245
8117
4067
8227
1491
7905
1804
5949
8112
1012
7552
8016
4049
2623
4789
9984
2654
2807
8265
6383
9881
5635
4448
670
9854
1527
4376
1790
1045
1202
9984
3970
2567
6805
5697
6228
9734
779
8109
720
2958
5893
7904
4552
4299
461
9828
7965
1539
1232
8468
2896
525
2689
9904
9857
2711
5588
1840
7774
6301
9419
7774
988
6235
3200
3929
9972
357
6501
1225
7479
6532
7938
8411
9814
8243
1486
6595
3714
4243
1940
9911
2934
1195
9581
1816
5036
6952
699
1593
8123
6065
4995
1065
9281
8485
3092
7197
1376
6973
7387
2325
2485
8711
7305
69
2735
1849
5646
1637
6632
8239
6157
4210
5019
9531
3744
339
9778
4948
7776
4904
6057
5570
5861
4079
1410
1749
118
8935
8517
7424
538
4886
8397
7493
298
6960
3934
2193
6060
97
9376
5450
2217
3062
44
2565
1817
4421
7924
6261
8456
9024
3014
9128
2846
3933
7379
4786
4908
3362
8681
9731
7310
3287
2647
2752
9143
7669
9397
9031
9105
9937
6857
1631
5961
5284
5579
3917
360
1652
3210
2645
6124
9847
3574
2958
1021
6119
4879
3318
6739
3778
3924
540
5272
3921
8303
2501
4267
9196
6656
8872
7005
8674
7732
8258
3637
6353
2679
3497
9070
625
1382
5560
9440
7084
2893
502
3534
2484
2034
3170
7682
3350
9126
6070
2672
8791
7443
1650
9068
3375
3477
1549
2915
2601
8401
6909
7301
450
5190
9694
6485
5782
4817
6184
8361
1922
6640
252
7947
1702
2642
5895
9253
8407
2551
5559
5398
1618
7021
3269
7195
5788
9036
9295
8514
8522
9498
6149
2719
5002
1555
4081
8206
4772
9639
7916
2669
7192
3418
6073
5077
2262
3921
6919
1566
4232
8901
7212
6439
6443
7240
2343
2319
7183
7601
8309
4091
7977
4886
919
9764
7718
9125
8609
7606
8305
5343
1392
2997
38
9708
19
331
7937
6753
6167
4980
3346
4872
6649
7853
8732
2415
2036
414
7390
4717
2833
1132
3969
3153
4417
5321
6132
957
5302
9041
2501
6911
1994
4350
7079
7289
7663
7545
5769
8429
1203
4253
6309
7212
7851
5227
8975
4349
2448
4526
1735
5885
1724
7407
198
1603
2481
8681
9648
5129
8460
3568
3750
9432
9856
2137
2078
3178
5913
5322
6546
7892
2866
5189
5002
3280
6607
4638
8795
8198
1875
2054
9957
7745
7525
4561
2784
2754
480
9449
4076
6543
9351
7153
6058
5221
2377
690
6104
2058
3338
5871
7779
3481
3397
3790
8424
4098
6464
2119
9550
840
572
4523
7625
1756
8036
8200
4498
3327
2692
7937
8674
1231
3410
1386
908
3437
9231
4294
205
1211
2990
6341
9181
3175
7084
7907
979
9911
7171
5621
3433
1746
7008
9858
53
379
389
479
1492
5745
4193
8071
5691
3164
9936
6694
9607
2205
9873
709
565
7947
7723
2664
648
7339
3389
1387
3270
8240
5629
9476
7081
6348
6629
7161
8715
5758
7619
5189
2523
2126
5243
2786
2407
3557
4293
8054
8146
3233
3553
7199
6177
9539
8021
5889
2733
3967
2586
729
5389
4445
9334
1358
7674
1910
3117
3988
166
903
7736
5348
687
775
8164
1929
5674
2674
2600
3204
4546
8930
1825
9053
9009
5654
2314
1023
9628
6423
3895
4230
2708
4774
2330
1748
1542
5892
2148
6119
7449
3370
5297
3284
7642
5180
6731
2660
8956
4139
8936
3359
8719
2029
3556
615
6663
3282
9805
8365
4644
3693
6118
3638
4169
1927
3652
5899
5264
6828
7656
9842
4020
1442
5482
3229
342
5505
8057
2351
1871
1740
5029
6423
4817
7701
2433
8806
7551
4171
5790
7348
8182
3119
772
8298
3076
3105
8276
8291
9277
7685
588
6718
159
2812
658
6401
261
2586
6974
3987
2232
8734
2462
2698
6085
8181
6979
9151
8550
4756
9479
2875
8222
5652
7726
1809
388
576
563
9605
3976
1740
167
866
1888
5768
9460
8594
5125
4423
2917
4066
589
9658
7364
3102
2218
9879
3057
4302
5179
8593
4324
4154
3293
3591
3331
1169
504
4720
209
6174
8318
945
7650
8731
2385
2865
8360
269
3136
5176
9316
2998
7268
4631
7609
9881
9211
3006
8883
5069
4258
1289
833
6042
7954
829
1061
8427
9562
9597
693
1957
925
6797
2588
1365
5903
7119
5736
9138
9707
6658
5472
8011
1913
6163
2516
9820
1717
3690
2534
3939
9074
7932
1900
2880
775
5598
4645
4837
6224
996
220
2994
3692
3710
1588
9199
4183
678
8450
5253
6684
2327
948
8543
5527
8463
5042
9955
7895
8593
1960
1105
7051
3029
621
4827
4813
5710
3700
7500
4968
6996
5174
4373
7882
4877
9568
9318
5373
6010
915
8592
4079
3787
2451
4150
5013
9244
6480
5789
6766
2036
7490
2991
9914
2929
620
6705
592
6304
1868
8523
1883
1019
6059
9690
2738
649
3524
5240
5439
9582
6672
9153
4296
9774
3217
4901
216
4027
3660
2005
8068
5613
6847
3275
6355
762
8873
9332
1579
88
7450
6664
2954
7390
5952
3015
6582
9394
8781
9188
2089
8043
2459
9535
8861
7656
4895
4283
3460
2954
8642
5675
4609
313
2652
6418
7196
3866
1023
3360
2165
88
6542
1487
4858
9391
1448
3352
418
875
7760
6866
1181
6904
4784
29
7651
7423
1936
4596
1597
87
916
1976
7117
1138
2439
3687
3061
3721
9210
5617
8142
4884
8667
7
8251
9820
6104
1605
4039
2114
1233
4736
5644
1721
8997
6206
618
8184
8470
4858
538
5223
2097
2403
1598
4220
1161
1682
4539
8380
2390
7940
9685
6362
4913
5844
3564
4045
6393
37
4627
5759
2088
9790
6892
1776
864
9004
2025
7161
7700
1205
2303
8193
3124
5480
9188
6445
6201
3360
4848
7400
9155
8515
6824
9952
8565
872
9290
5564
145
4237
7860
962
1582
1832
8740
6260
638
7318
7169
1182
3778
9786
4555
5673
3957
9975
8505
7570
4883
1559
5004
9274
3061
5715
7429
7377
8242
9370
2773
4058
7499
7579
1510
6739
8106
8243
3822
2952
9630
3085
1609
674
6198
2173
2646
489
5774
611
505
4838
4480
5029
1487
1364
445
4438
7683
1895
3530
4673
3507
5951
4346
8188
1555
7844
8443
1269
2503
9403
9284
8872
2900
6161
6672
3251
4157
3426
5668
6279
5833
105
4724
6950
6403
2331
749
4945
5067
6042
3117
8321
8920
7463
8280
8403
772
3135
1528
7784
4299
6617
2747
7966
4815
7253
8524
1627
5935
7531
3844
754
4680
9452
2818
5963
157
7066
9343
4196
3833
1879
5431
1709
2665
170
7042
6735
9850
6449
4706
1575
1794
5232
8943
6962
4080
4146
8567
2524
3640
4923
3318
5904
9131
5309
941
9692
6611
4125
2847
9691
2982
3733
1768
240
5417
9060
9472
2337
988
9962
2496
8112
7048
4202
9142
849
9595
1612
1492
3186
3781
6095
2112
7404
8026
1071
6264
773
758
5656
6953
5805
6748
3442
1934
9973
8158
3086
8949
1961
4001
67
7847
1826
523
1979
6038
598
4169
5492
6751
775
8262
1727
7952
2950
4305
8218
3455
5376
8882
9834
6746
2628
7574
8103
2376
6774
7970
8229
9346
9424
4921
5739
5898
5883
2493
194
5315
3252
8746
1695
7944
2773
1418
6989
5468
2972
4868
5937
9689
4231
1224
5792
9530
7302
1586
309
6816
7967
6328
3050
3473
7570
7105
9403
239
4458
6962
9840
9724
4511
9134
7688
4701
9884
9558
8347
5887
3843
2927
3236
2161
6154
7155
1052
145
7858
6578
900
9388
6485
9886
6746
4022
2735
4832
307
1671
7515
8079
9950
5653
3822
5231
6494
7068
1431
3008
2870
9231
3600
2859
3566
8094
4073
2833
1458
8794
9556
2488
4203
272
7516
3775
9711
7021
1705
9412
385
9466
8079
9056
8786
2200
1967
2758
3180
2393
3258
649
39
9017
146
7557
1941
7246
3554
1375
3605
1362
3721
4376
5777
3828
7660
7388
6590
7776
1182
7789
2636
5123
2009
3580
7510
2743
1149
7484
3858
4708
8132
6959
6052
9454
1974
8288
4557
6925
3822
5521
9772
2241
9081
7902
2658
9233
6575
2673
1834
9321
9750
3641
1980
8634
281
9734
6377
9016
7582
1957
7175
6615
8639
1555
629
5135
1372
7044
907
9496
1292
2799
5356
9651
5608
7307
6104
3612
1129
4927
7760
3361
2330
986
8641
7239
3754
6411
3408
7680
6577
4729
8308
3673
2590
1233
6321
3241
138
1397
8406
2389
5591
3194
8801
3459
850
5889
6834
7677
2048
6080
5105
3725
7151
286
4005
6687
455
2227
5575
9393
131
2088
5458
1279
918
4510
317
8236
7795
1848
9508
611
8086
9310
4027
5509
8775
8983
2779
3858
3071
495
6084
2309
5209
7050
8994
4996
5345
6943
2484
386
7016
2286
8846
4057
8077
8663
8747
9062
2302
1689
1321
1757
2904
9041
5370
2436
1105
9438
9323
6940
2596
3250
9947
7528
2227
2936
4938
8714
2601
5374
2555
6532
5364
2264
2203
7737
4946
9273
3494
8838
3266
9347
7734
3518
464
731
5003
993
1154
5598
2046
7197
7832
936
1034
5256
3126
9357
6936
1677
391
3813
1702
9919
7757
6888
6770
3545
4229
2262
1497
7059
7657
3245
4030
3689
3500
847
2879
5873
170
1778
1970
6029
1450
4946
9335
2279
8979
3582
9734
6268
8144
8938
4517
7924
8816
667
7786
5086
8352
8440
6556
4289
8021
9150
4006
2682
5583
4137
9150
31
6167
1243
3301
4092
732
7263
3539
2242
6480
7342
6088
7180
6331
9238
7952
4784
5284
1993
3487
7728
9867
538
3644
9363
3190
33
9595
8534
2153
6304
9112
7502
5266
1689
3678
1937
9225
8755
6603
4092
9904
7932
7636
7673
8739
8920
7500
5668
8619
9859
6596
488
4348
2757
5710
9080
1497
8413
2982
4419
4037
9167
625
8731
5534
3218
6909
3143
886
9963
3795
3032
5573
1814
8266
8333
7246
4329
5875
3250
82
3095
8323
417
5800
2804
2986
406
6491
1221
1226
8653
3480
8326
4053
8391
3320
8818
8224
9951
6734
4395
3261
3961
8812
723
9986
8337
9094
2866
4196
6779
8319
2093
4852
9481
4547
6434
4793
5162
5145
7147
3377
7209
2669
3334
4689
5702
2093
7343
2014
1403
4005
4316
9077
7426
3421
267
1293
9206
6669
4400
5666
3657
9455
3037
6339
3952
7645
4491
3851
7232
8572
6494
94
8724
4757
358
7694
7260
3780
8988
2074
3970
7796
9036
6806
8069
3631
1034
8040
1070
9773
5187
1757
3503
9681
4630
8408
6287
1772
2453
3082
2251
5238
3533
5768
2009
7387
7344
5520
2356
2606
3272
4352
4692
5220
5704
1556
5571
8569
2192
6809
1423
401
4283
889
4733
339
7325
6141
9517
8636
2465
4918
9811
6673
1358
3140
6059
8725
1690
7851
797
1427
9512
2189
6812
2052
2602
8535
8104
9224
7596
778
6389
15
2463
9613
3627
5510
5049
574
4129
2871
7886
3107
8149
5688
9235
415
2564
5975
403
4025
3230
573
9805
4065
7907
1885
4927
6108
8273
7904
4390
8088
4475
9321
3637
6292
5905
2107
9437
7691
7452
2439
331
7020
1351
7080
2460
890
915
6411
2772
7975
3963
9185
4505
3843
529
7775
3091
1354
1569
202
4109
2718
2836
542
8764
7283
795
2457
6557
9920
5543
1529
9205
8460
9048
855
4710
5065
5719
902
5530
5653
6291
9049
201
3513
5334
6396
3509
8125
7311
9461
6285
7847
6032
2198
2268
5617
7611
9391
6140
124
7567
5960
3753
965
8610
7933
2898
5268
6805
9935
522
4965
311
939
197
8434
6721
4687
1888
7598
2097
3734
4549
1728
7289
6375
956
2185
4818
3833
3307
8097
2688
1079
7593
1615
9849
8364
4524
2770
1734
2142
4871
8205
3253
3450
7490
5084
963
9002
9019
1333
5748
5247
5236
6058
2257
8506
5433
9415
1612
4886
2799
9558
9449
2163
5764
5342
2210
2042
7532
7407
813
5323
3642
6981
2295
4341
247
1296
6846
6764
9071
6834
9760
2362
8486
6841
5272
9643
4017
7454
1987
2424
5706
7643
7661
7316
4260
1733
4472
1913
2661
9697
4597
9978
5012
9652
9889
4369
9786
9009
8800
614
377
5599
8246
4042
1851
7764
8115
1236
9158
2853
1308
2171
8692
6903
2782
2876
2077
4338
6946
9696
8299
5462
3905
5322
7931
1256
1583
3628
1052
9509
2535
5057
8729
3682
1386
6810
6394
6061
1272
2401
6349
9746
5384
3300
5728
9797
2808
1310
5751
2478
6169
4089
7838
2942
2330
7821
2291
5942
6342
388
5599
1175
3177
5621
3168
4747
1375
4217
5297
888
7691
9706
5547
3533
2044
8514
2319
5682
7654
1613
6399
5549
2104
1482
9524
2422
1244
2209
1592
1906
9371
2430
7063
9719
5901
499
4273
5624
868
8801
4961
4184
9046
9436
5087
7060
5200
6633
2231
2314
1039
2215
9263
9830
7835
9176
8815
8343
7311
5020
8108
8815
7438
889
9146
935
9067
4704
4956
4367
3928
6550
8612
4049
4495
2376
8098
9302
1429
7687
6719
9836
4873
6375
5745
7791
1768
1088
3231
3926
2496
607
552
7747
6694
6587
6093
5941
9854
6718
3749
813
9476
3866
2405
604
1940
1082
1419
6544
9039
500
6261
7275
6137
86
7955
9896
2323
5972
9710
8289
6578
9674
4241
3616
2999
8872
5667
8923
2396
7643
596
9633
7233
7029
4024
4369
1784
9660
7014
6063
9645
2781
4779
1538
6275
2472
5747
8915
5136
8124
4460
6068
2152
295
3768
106
4739
6957
4634
7380
8414
2851
5148
5893
6172
4157
3787
7127
3196
6037
5890
2309
2239
3707
6373
8901
3072
8690
6261
6724
2753
601
5313
9535
2148
1445
8158
7104
8154
3759
6736
4865
355
6135
7546
3109
5464
9673
8253
5293
2866
6738
4512
5589
9761
9016
4548
9008
5043
5331
5967
3617
6831
930
6576
3218
9833
9021
8544
631
5157
2232
3171
6236
7022
6357
1722
3804
7924
1263
6321
5786
6267
4166
3720
3244
8177
8592
3940
1364
8314
8317
5203
112
2829
9322
6391
1017
1325
4371
8327
5271
3656
4212
5571
5392
1713
6602
1180
2566
5958
9342
7834
4395
1415
6370
143
3336
8045
6554
4549
4325
6013
3308
5215
1254
7214
9388
6582
5829
603
5316
5842
9106
377
1749
1485
5524
2852
5826
7295
1601
12
9016
4685
6651
5129
9324
116
825
8589
3842
8463
6600
146
8594
7701
3426
7149
1346
5010
1660
7015
9678
9529
1147
6188
946
2351
1852
7128
3008
98
8794
9520
4547
4421
1194
1788
1703
6097
6254
4275
3310
9092
1237
5991
503
6852
3652
2697
7739
431
8250
5288
1304
5594
1263
3917
8301
3978
6879
5126
3797
1574
8261
6348
6311
6340
5642
4594
2160
5582
6928
3876
7306
2890
2123
8974
1296
3891
1408
1516
1645
9842
8191
8038
8592
8175
2618
8680
9539
9524
8123
9464
9667
1444
3412
743
265
105
4963
9330
9094
2521
599
2053
7768
3587
2974
4063
9571
4113
2923
6054
7391
8340
6542
780
5517
2013
6596
697
954
4974
8374
5425
9565
5464
2500
9782
9910
6836
2342
621
2934
1233
1645
3420
8805
8919
8834
7643
3161
6430
7990
3252
3766
1476
2955
9438
5154
7613
237
620
3245
7122
8426
4096
4060
6212
6684
8316
752
2725
2548
692
911
2826
9751
9119
1791
9855
65
1909
4536
5410
9273
6736
9733
103
6287
354
5707
8911
6169
7350
7854
4042
2331
8000
1997
6380
582
2420
7265
5128
7809
631
4330
4109
1092
5894
2947
2322
8840
1745
8701
5817
4108
1514
2643
7736
1725
2800
9029
3442
5036
8366
5806
8075
5137
9230
9643
4564
5329
5338
2354
1179
6174
4144
8353
9007
2017
7660
3433
1440
8143
4114
3600
9652
8817
1179
8947
400
401
3983
1655
5004
433
2540
9044
1300
3133
87
2342
3557
4133
5933
9319
8885
2389
3818
4265
2484
5225
9579
1936
8247
3257
9937
3013
5697
5511
7600
7410
8989
1515
6560
8320
8826
6337
5462
4268
3519
6597
6211
8663
1139
333
9631
6318
738
1260
9880
4260
6949
8453
4627
9755
8925
5764
8483
1959
1552
1395
3123
4823
4114
6948
8644
7989
9232
7036
7265
9274
2732
5036
2219
7048
3367
7954
1870
3329
9809
3528
1459
8705
1181
5650
2671
8390
6536
33
4250
4594
8179
577
5265
4215
3460
8390
6317
2381
9807
9567
2944
1789
8114
4931
9837
4969
367
4765
4050
1610
8359
4232
342
5925
1740
669
2041
9631
5242
2217
6350
4614
6942
8376
3917
5568
1640
6951
8636
6994
6064
8638
5179
813
5498
9982
8537
569
4625
7833
1973
5670
8940
3584
7233
4474
6884
3437
3598
8147
7039
1750
399
8154
9148
8124
1035
9029
2544
5284
5146
4630
612
4070
9659
454
5351
3853
8671
6823
1780
1584
6798
7722
7997
335
521
7910
2987
8646
7311
6569
983
5336
2895
9185
8087
477
2840
621
4198
2205
5889
1422
818
721
2900
6265
3250
5412
7104
8180
3910
8356
8485
4653
1973
7643
7527
2070
3452
6931
1329
3083
4920
3446
8104
7424
3575
5221
4515
460
6116
9808
3912
5358
8975
920
2573
4085
2868
6483
5353
9717
5328
1458
1740
7485
5915
1445
8277
4851
129
8550
3548
1516
9715
9313
7450
8721
8994
5576
7405
3464
9150
3090
279
7308
4967
9401
322
1377
1442
2080
217
8790
869
724
4466
3337
4571
1325
1752
8477
7229
9567
5689
3922
5977
422
1393
7973
832
5004
8707
2568
7847
2064
1579
4548
1439
731
7087
1060
7761
3159
6916
9182
6687
571
8709
9886
6000
3882
4652
4280
7742
536
9869
5674
3292
2510
3818
4514
727
6519
3676
4435
5304
6383
9938
6783
1457
9244
928
7854
2641
1859
4720
7754
3537
559
4106
2336
7672
8602
2654
9973
2355
7680
7671
3047
1949
6055
8920
21
4
4487
317
7672
515
2456
5527
4680
8677
1471
7346
7116
1900
9248
5092
3598
2574
8439
3828
2876
5074
6224
4174
9429
862
6572
1718
3312
7168
5273
584
8912
6719
8938
6583
3540
8234
3070
1571
883
13
1075
2104
6173
1843
5564
2315
9685
3642
5721
3034
2641
2811
9610
6626
4950
6085
8318
9747
7318
5831
9612
4276
1247
5199
2371
72
9169
1318
9507
1860
3549
800
6276
6553
8168
7235
2961
6631
7014
6061
5721
9812
6182
8208
7116
5181
2048
288
8241
1176
4581
5708
7743
1423
8129
8084
9060
227
3269
5590
6161
762
2364
2459
9792
5451
8391
1784
754
9875
1267
1924
4122
8633
8424
7421
8458
4025
6719
4095
7057
6182
875
7186
4061
6301
9604
865
6862
3030
4342
7185
7664
5724
7075
2669
1261
7284
3122
1114
3161
3610
1954
1883
2030
6291
4126
4032
3084
124
5217
7902
4562
7270
8320
7500
7670
5418
5061
8929
1522
8201
1401
2408
8499
2291
8513
8026
2180
7095
963
8251
9551
9760
4067
3444
1532
354
9853
156
1043
9478
6330
5797
5810
3347
7963
7458
3886
9399
6133
7098
3481
8893
7174
89
5120
1612
2117
9213
3332
1797
6682
1593
7182
3746
2231
1755
3749
112
8429
47
6351
5885
6155
1975
9797
6292
4875
671
8223
7371
2097
1669
7182
3895
3825
6429
573
447
3962
8664
4719
8003
7548
5397
6451
123
7350
2899
9398
23
5907
6197
2864
2198
5375
9653
641
29
5732
5283
2895
3848
7774
4957
2876
2321
1160
2362
1616
3683
9284
733
7998
2345
2168
2750
8635
710
5763
9683
1842
5660
1028
7943
2644
4088
9035
2485
1265
2104
8908
8196
5805
8114
3930
2336
931
814
7346
3403
8334
9338
3501
4357
1403
4295
1828
1052
6136
5228
888
9930
2653
2160
7187
2567
6831
6298
8812
8484
9578
7747
7059
1803
2039
6111
177
1778
8635
3241
2120
2005
6263
6073
5747
8223
7186
1489
4327
9995
5225
4436
7379
7273
9664
5168
6890
8904
9009
1410
7797
6428
7156
6456
2212
3212
7864
4821
372
5895
9507
2888
2503
2408
1004
3203
4888
8434
1545
7552
317
2037
1286
5760
7772
4440
7530
4288
8726
3441
1080
1099
7767
4786
425
1061
3354
5978
7218
9153
518
6481
5099
7162
1012
7999
5348
3205
8054
8676
7054
2413
2143
5385
6560
1437
1637
9050
778
9027
6821
8926
1625
9897
8960
3127
4341
9299
6520
4330
706
1324
9164
1553
9307
4785
6375
1160
8890
6728
1662
2882
7596
5135
5174
9473
392
9139
7229
1902
9373
7245
2807
5464
6784
1447
2352
6040
8573
7886
7379
9899
7096
2750
308
4889
5174
5490
6742
5624
150
104
4942
400
5797
9232
1651
2937
1969
5116
5636
7767
6765
6100
280
4128
3614
7271
4433
9548
6185
9092
6322
948
7309
8423
8791
8074
4198
2222
5399
1326
1195
5356
5959
3658
2954
494
7016
4098
5570
9829
7432
8675
451
5498
1769
3057
5967
8023
4479
26
4817
9807
6052
4099
916
3803
8207
5036
8142
5834
8981
1761
4751
2709
145
8330
1469
7308
8753
3937
8307
6080
1825
9715
5034
4036
8192
6063
2853
7250
4330
5614
364
3119
1672
8563
5131
4199
1293
9091
3333
2282
8182
3835
3832
5599
1319
6002
9778
3481
7729
1576
371
9655
8311
7314
7771
7455
824
3734
9315
7654
667
135
3162
2385
3269
2868
6308
6651
2838
2482
7477
2324
972
217
3849
8184
5215
9339
9786
3560
2025
2255
7774
2450
819
40
6640
9581
5758
7033
9791
9852
9781
9512
6669
7802
1005
4085
3930
4324
5077
8419
8960
3720
8308
4194
7237
5352
5504
9749
6798
660
3282
7812
7595
8113
4367
1884
888
5778
869
3411
3990
3632
4858
682
8643
5478
2707
9561
7106
3381
5597
5623
8656
5922
2348
7025
570
5232
2325
7552
1948
6779
5532
9659
5723
174
4209
8055
4093
8890
5273
5400
5257
1716
5744
3011
4826
9009
3950
1145
3567
2379
7732
5365
4235
7280
7160
7795
4181
4205
3306
4643
7132
5626
6541
4262
7103
2683
7486
3270
9719
7694
1296
1723
1442
6018
1230
2215
5129
3546
646
1917
1157
4143
3467
1007
6969
4733
1939
5767
4281
4409
7090
9659
2442
7939
1642
1122
8477
3343
7377
2548
9171
7842
8932
896
8273
6406
3819
6771
2306
2372
4136
5415
1828
162
8837
44
1037
6009
6721
5236
7579
3755
9362
5647
6095
9310
77
3249
3630
9143
9749
4494
2356
5311
2807
7332
5220
1961
7008
6835
3144
5968
8773
7365
8134
7462
1829
8643
5335
4320
591
2881
8401
8433
1373
226
6863
508
3833
142
1136
4497
2306
7099
733
2349
1646
9942
3869
4733
5059
5658
2136
3594
2013
9912
2228
8002
2779
8688
7778
5562
2399
7623
8309
7921
966
8257
9010
298
8982
3270
4597
1877
6244
6024
2877
5925
227
3242
8787
6006
5276
3501
7672
7354
7001
8343
7352
549
7277
7316
2112
8013
3971
2973
8219
2498
6100
7007
9720
765
9515
4048
5394
4945
394
5393
2530
8672
3855
955
893
5056
2783
4053
714
8768
7659
319
1831
5071
1562
8962
7216
4525
5827
1890
3020
3251
880
3816
9027
5138
3682
4316
7924
4192
7881
1086
9161
2337
5314
2112
3329
411
7794
3345
5977
7853
6277
7604
5574
9616
428
9897
8912
7226
5386
4132
8697
4587
4075
6260
2251
8108
2832
9317
7350
5071
5267
6528
1020
3729
4338
9661
9825
3607
5391
1168
5617
4683
3595
291
9057
9698
7621
5273
4269
4717
7686
6110
1945
9240
151
4822
4928
8656
2747
3177
9841
8630
4206
980
698
3164
9572
1566
5572
5455
7802
4988
5408
3473
1396
3532
4830
185
8737
8660
8412
1766
8591
3243
2292
5785
2789
8054
238
5369
7482
6883
5320
4651
5590
331
3179
5413
3029
4412
589
4794
9172
6359
3422
9141
7594
6768
1498
9680
6630
4087
3825
1510
510
4807
6714
8642
916
246
8944
4267
5704
8759
2703
7279
6206
389
6402
3151
7064
9507
5592
9754
2841
9846
1216
6387
3816
5455
226
7406
9306
588
2164
147
605
1295
6761
590
7231
1588
1816
9125
9527
7451
7649
3162
7880
2671
4314
2902
3826
1491
365
1516
1119
4433
7509
1265
5498
5293
3727
2593
324
9237
8556
4139
1505
4266
8168
7777
9224
840
4567
4290
5851
7397
2800
2084
9131
2694
2426
3485
7228
9430
4626
571
7560
7447
4366
5251
4466
8955
7758
6362
1700
2691
8413
9902
4521
8699
2980
7226
2707
496
5285
10
203
6812
527
99
9319
768
5873
6968
7405
431
1402
5479
1741
968
5880
1819
4029
5318
5114
6110
9302
7235
6731
6013
5355
7849
4169
6850
7839
4452
4361
255
3069
8163
8172
5164
5298
5284
9969
2106
7682
5735
2889
4130
6533
745
9350
5511
6563
1184
2122
2390
757
7317
9905
7896
2319
598
2752
7957
7647
8169
6926
3033
8738
1150
5796
5281
566
8509
3262
297
4032
9326
8831
7504
7878
7618
8968
3511
3600
5520
7636
8306
5845
2592
28
5030
7039
1308
7413
262
9058
1339
7777
3221
6634
8183
6420
9122
6911
4871
3095
4021
7043
9035
7381
5929
7066
1427
1996
9718
8419
6174
4530
1386
9403
7463
1702
638
7678
2178
6620
9396
6419
3056
8812
7882
5159
2360
8768
9171
8569
1758
3656
7794
6377
141
8476
7842
5509
7432
7451
1314
1128
9113
3693
7977
6724
3121
1344
3889
4642
8093
3245
6918
7524
9476
8961
4087
8028
7948
2516
7355
8867
2802
6541
1612
7737
1475
9704
1049
2015
5229
7284
7842
6259
147
521
122
1461
2087
8993
4593
8793
3983
1682
2822
2141
3987
6618
9242
3108
3357
6032
3182
9380
3672
3807
6900
2326
4026
4670
6485
2567
164
64
2774
2849
9160
3915
4950
6020
5255
2614
399
2166
4670
7467
547
3035
9873
4571
3904
3755
6625
6621
4372
1574
368
3530
4957
8811
2042
3871
4473
2594
7249
7159
7583
7032
6835
7771
6556
4468
1426
4907
6495
1180
7227
9400
4488
9495
5480
7437
7107
2654
3390
3272
9994
964
8
7863
7904
7790
6631
8061
3482
1751
7581
1414
8321
7126
3886
4979
393
7928
9358
2615
7799
2347
5828
4156
7
3359
1884
1589
4185
8152
7373
1895
6102
3758
4122
3588
2134
8748
1873
4122
1390
1190
7257
8339
4684
1221
2785
3910
147
2483
2301
8326
3662
493
9105
3415
5938
7539
3054
7592
7091
3103
3354
3075
3864
6014
4441
5178
4254
9524
3414
3432
9244
3340
8786
9787
1587
7266
1991
7419
7132
9574
5040
4785
5062
9463
9997
3472
9602
7046
8521
5131
7223
6199
2652
2308
207
5282
1189
350
9538
8275
9576
2735
7516
4176
5010
135
3240
5657
2676
4332
2165
8902
3435
1697
4304
5338
8107
7360
4315
2518
8542
446
742
5814
1102
2748
940
4762
3874
8122
2870
7934
4956
7508
4866
8003
5519
4966
9714
4329
7959
3443
9960
3828
6465
5034
7213
2147
4556
9471
9395
6241
1767
6261
6398
6336
9536
452
6398
9951
4577
9374
2194
3179
6535
7835
9401
4722
5564
2254
6018
6335
4629
7
6006
9272
763
8843
7837
81
9331
2671
2677
679
5404
4216
5852
7009
6759
2124
9571
7793
3749
9898
4458
9892
2274
6771
2433
9614
7477
6040
3668
9943
7376
4736
5954
2114
7665
9553
5640
6203
1147
7921
5517
9495
7887
9803
6495
3270
5029
5358
6743
8331
8493
5960
4066
7121
2226
1214
4742
5608
4585
2620
4762
1220
5521
5293
7501
4098
2744
2780
5200
7663
9794
6398
308
1080
4039
9788
6773
587
8034
1382
622
8856
3362
2351
3820
1548
2132
5272
5333
8062
7624
9219
8550
9117
2239
285
4779
7226
7855
2634
8406
7413
991
4111
482
4577
2742
2154
4010
795
1373
305
5982
559
3649
2952
8372
4444
9530
6136
2698
2035
3662
5180
509
3063
6296
5754
5233
1662
5675
3525
9158
2415
3743
9021
3030
8406
7098
8525
4728
936
5531
8855
7788
7678
1176
3782
168
1141
2354
2443
8573
2065
7504
5643
3913
3048
6269
4179
9011
6134
6744
4472
562
4356
192
663
3500
1291
7100
9098
7469
4597
1361
631
1840
9154
2585
8559
7897
2988
42
5154
4201
4441
5620
7724
3904
2214
7280
5964
846
832
9005
5909
4625
2863
7972
2261
3517
5782
4795
81
8121
5745
8062
8842
7901
2775
130
6759
7437
1816
7137
912
9088
1983
2552
9200
4068
1941
223
3433
4442
2806
9847
8988
4459
1214
5061
5350
787
4283
1951
3616
7735
5069
3655
1551
5337
1832
4970
4165
5304
6902
9390
7921
2268
1311
9835
9689
5505
9435
3492
7326
9358
3873
643
7391
8970
4551
7133
6892
1608
7579
222
216
2853
8816
7963
9423
1248
4265
2956
5932
4596
4431
2364
4310
6056
2629
7410
4332
8402
7817
7209
5792
394
1012
3796
1634
62
591
7416
8900
5880
5857
3816
3697
8325
128
8090
5964
1103
4316
2923
2138
3446
9457
2540
9004
2314
1990
7541
9976
6103
8709
9955
5882
9475
9265
2274
5873
2330
2843
9044
553
4615
2234
4659
8606
2634
2880
6400
270
1879
6680
7486
5845
5962
372
915
5090
1208
6082
1233
3853
1687
7326
7996
7546
35
7140
1656
7211
5261
6318
9906
2817
9946
8785
62
156
5718
8020
994
2268
7690
3153
6322
3649
5681
5859
9112
5692
2466
9495
7146
4764
7032
57
7012
124
3903
4508
4670
7506
7926
5743
7
5563
7640
5061
2888
6656
9294
2404
8689
461
7925
1782
1970
8745
1512
4366
7979
2335
9142
4500
3011
6758
4395
4560
6326
1344
687
3009
8236
7676
6183
6273
1316
7187
2102
9123
4215
4443
9674
136
496
2172
7882
8519
8116
6477
6183
6060
8694
5816
3872
3327
9546
5318
480
2346
5633
8812
9659
8943
3005
4507
2371
6704
120
6729
3888
1059
8505
5312
3095
6407
9600
6289
1904
1370
386
2400
7193
7295
6369
9572
7636
2934
6873
6038
3009
3867
4229
4007
4140
8681
5401
9958
7507
5188
1881
8494
9717
9019
1269
6453
3538
3829
1839
8509
9012
7041
9639
2830
254
7571
6152
5553
1016
2287
3433
5807
9801
6105
2736
8779
8385
6556
2162
2971
5985
7442
8586
9166
4975
7730
9233
2876
3048
1274
8679
9081
1039
95
7753
7907
5240
9002
1833
2586
7959
2135
7402
6490
336
2660
7334
4337
6966
5272
7383
3772
2773
7464
8602
7432
8733
9530
3003
2346
4560
5216
2696
3049
3269
4599
5921
7148
4636
8275
6945
7246
2033
7285
610
1111
9833
6336
6490
2749
6661
8798
2053
683
3109
746
9028
6100
1246
7887
2233
2814
7219
3564
5552
3001
7567
8275
5440
7506
4483
1112
8368
7228
5186
1374
4951
2531
5819
4232
182
933
831
7769
6098
9426
4698
9985
552
6716
3973
3431
3289
2351
4203
2002
8477
4309
8017
9149
1003
3924
7827
9238
2433
7212
9013
4152
1306
4636
7203
5328
1634
7149
6315
7390
2924
4931
2413
3295
4801
6687
2082
2471
9418
1574
3046
2827
5242
2873
9054
4704
6487
2395
664
9839
3528
7234
8508
1249
951
6012
5849
570
1538
9999
2806
7835
6455
5640
5487
4925
4196
8897
9458
8029
3410
8584
8458
6285
7645
5368
6101
3527
3247
5513
389
7525
5195
3555
8325
6456
9483
6129
645
5466
4788
9917
4740
7144
674
317
7214
8466
4305
3827
6216
3359
2767
6393
7650
4411
3483
1986
8704
9464
907
537
6744
8798
3742
2030
1543
6498
3226
4025
4080
5164
9704
3164
5679
6629
1667
7352
7144
2568
8697
4173
8712
7975
7367
2858
8155
7369
7031
1679
6165
8266
649
9942
5263
9009
4338
3979
919
8311
8154
9484
1310
2047
9764
8321
5199
8768
2162
6571
5783
9149
6296
1968
2046
6179
9633
3113
8148
2282
2026
9907
5677
6742
1006
4478
3222
1824
9624
4553
2654
8815
1303
6722
1739
5819
7831
5286
8272
7613
8569
3538
1787
4113
1234
8199
5081
8080
7195
4498
9275
4580
7139
8880
2960
4407
6152
8726
8082
1185
811
3604
2646
7192
4690
563
3080
6092
2880
6767
7148
1683
524
6364
1662
558
5202
4927
7945
3123
8059
3994
1966
1830
3958
300
5395
7637
6694
9156
8442
5775
1285
9055
5257
9659
1728
5126
7939
7473
9231
2272
5747
9369
2925
5015
1959
4492
2309
9906
2045
6119
8273
8151
3265
77
7465
609
7660
6314
2960
4680
7482
5981
2715
2771
4566
6746
6139
5001
2878
7156
8271
4611
6537
6833
481
3118
3974
3045
6431
3700
2575
5759
2090
5523
7148
2684
9013
8731
9860
2978
795
9715
8910
3353
3648
8922
8134
3068
3376
8938
9993
5005
2691
8885
9924
8409
4745
2264
941
5181
1065
9306
3526
5652
4638
1598
7348
1664
1807
6315
8171
4481
9847
9732
5413
2573
619
4860
3262
9605
4533
6022
983
6144
3205
3978
6132
9500
3658
8820
7736
4912
1685
4271
5198
7842
7084
6230
2675
1524
8882
482
7964
6132
4362
9318
9602
5911
1755
4483
5749
8472
2764
4358
3725
6047
7785
6557
9591
1985
3592
3234
3065
7011
593
5311
4206
8835
4299
3570
4838
5601
3579
9068
9448
8351
6472
2731
7458
196
2872
4104
1155
199
2201
2252
1342
8121
3389
7564
5822
2113
3889
1838
4171
5223
4275
5431
5993
8127
5027
4499
8770
4896
2527
8368
5800
5817
1988
6957
4280
6269
6086
823
8556
3504
9365
1892
3782
3799
186
1208
817
907
3901
1159
4025
2982
3250
3542
9836
9227
4547
1558
5448
9419
1120
3379
3803
9123
8691
7266
3136
956
912
3394
6810
7568
7087
5529
1882
5124
8289
6459
2932
7064
2534
4725
1024
6618
4430
6583
6361
3184
9844
6380
7217
2021
1495
546
6978
8919
7121
5269
5804
1523
7869
5596
3312
6812
918
4163
3947
9841
6979
1048
7265
2353
287
2369
1190
1075
5967
4139
7548
4610
7268
9624
5609
4734
3011
3004
1221
2568
3869
9474
6224
2645
4583
2100
5255
8172
8054
8718
4821
8979
6438
7952
2541
9519
3792
2039
2868
8121
4612
5561
9245
207
2709
3403
1670
7608
5227
8326
2936
3297
7371
8345
6442
5862
4390
6840
3392
875
8742
3730
7455
6944
1973
4398
501
2680
2857
4103
3919
7064
5564
9581
6172
9794
4256
6218
8777
53
3384
8761
9671
1842
6194
5855
5061
1549
7443
3879
8292
8710
203
3523
6984
4107
749
3348
7784
230
9
8155
1422
7960
4827
6439
9437
9829
7364
389
7965
4669
6376
3986
3251
604
9830
9546
8186
3375
4311
783
9102
4811
3047
895
7298
1886
1013
7499
313
239
2528
2322
3869
7330
4062
2492
6542
9437
2524
1987
5747
3593
7237
6343
5416
295
1987
1083
2869
5265
2083
4486
4807
8926
185
8298
113
341
3827
5777
176
8349
6997
5072
5862
6373
7939
7344
3894
8933
5425
3263
4436
7329
6113
8585
5953
9092
6379
9312
3061
868
2975
9662
7988
7195
8250
1518
6545
8258
7294
2326
5018
8184
6333
9520
5312
1673
3994
3455
1815
851
9621
7586
4967
6091
5744
4126
3331
4284
5016
5818
8056
5513
5430
9591
1084
4425
1510
5860
1180
5738
3286
8010
9917
4239
9340
232
3133
8422
4980
8269
2049
3466
1697
6867
2222
3640
9443
9775
7838
6428
9001
2977
3440
676
7725
9533
5151
8865
8284
4827
8650
9283
6673
4398
1776
7289
2738
2536
5444
6123
3721
8827
7778
6821
8938
1497
2850
3618
1571
988
7212
5991
1811
4520
4538
943
4070
2590
1119
9483
9861
1304
2700
9389
7054
268
6205
2285
5711
4327
8261
6809
465
8887
6124
1250
9489
2772
5587
8391
519
9609
4779
2508
5097
8582
2358
3472
3215
8082
3557
5739
1912
1235
7766
627
2981
592
6905
8758
6950
371
4699
5754
2740
8547
3164
8409
5026
7834
4084
386
4184
4116
87
6228
6970
3262
2044
9956
9552
2413
6929
9862
8409
9811
3043
4236
8692
8038
7553
3713
4185
9115
4666
4684
7704
6359
1440
4795
5921
7091
2224
5926
7951
2362
2040
2267
2794
4682
3819
1085
6720
2440
4354
1625
8039
147
9058
3208
3336
6957
6188
7037
6235
1994
7062
7495
7001
3953
9965
7775
8906
4160
1948
1569
5166
6822
4533
7255
8477
7540
6434
3510
3706
1343
8868
5622
3121
4466
6745
9879
2703
9883
2096
9394
7544
5234
4476
8460
4113
3151
6735
4112
7242
8290
3575
2949
120
2337
4587
8490
6261
8168
3114
9306
3451
6995
7181
1038
1024
7777
9014
6013
3453
6524
5193
2628
5227
4161
382
2946
4215
5592
3740
986
3381
9300
8623
6109
3525
6354
2984
5588
3014
88
6
7935
3952
2826
5938
3932
8077
4064
4825
5392
9845
5256
7909
2662
8602
8
8837
624
6528
4845
4471
9524
4138
5004
5137
1343
492
1678
7401
4630
1021
2070
7129
707
1867
1202
480
2007
5994
4959
5759
8906
2963
7119
9578
4900
1240
9221
6680
1186
9171
1034
3933
825
8350
1149
5504
9532
1011
1708
8047
4817
1272
8688
1815
7746
8615
9283
6102
1885
781
929
5092
2137
2446
2311
3315
2126
5504
5266
8227
2551
6517
7951
1150
4482
7049
3843
6781
980
2928
8186
5793
7615
9260
3377
4662
7449
8986
7400
1812
8888
4157
4957
9366
5447
718
9178
5408
4904
9585
2934
2468
1588
9045
2682
4180
9610
6120
4489
3514
6756
7425
1441
2812
8412
3263
3986
7979
8453
2236
9921
6594
9307
7469
8722
2462
6570
9713
5715
7198
4480
7049
5151
2767
7316
5694
7720
7623
8372
1476
7213
3060
2530
6997
3130
5711
663
5143
843
6733
4095
5699
8620
8164
5181
8110
1282
2170
5697
107
3555
9467
8182
8876
2282
9058
6631
8714
5587
2628
2002
6718
8800
3413
4910
5933
1485
1167
2543
3633
7301
1997
9377
885
8548
4235
1572
8431
256
9267
3062
3045
4465
9319
7319
7999
3936
2538
2506
1027
5955
9408
9333
3300
1122
3522
281
3291
9056
4059
6095
128
2805
6897
426
2084
6400
6269
6339
7158
5502
9081
9035
4370
9339
9569
7582
6347
3278
2873
4714
6069
5260
2242
7820
3203
6072
6115
6143
8380
2956
8106
8885
6977
8439
5057
6460
7473
1386
5745
2415
3313
5305
5570
6705
1349
9694
625
1946
4387
3831
7887
3033
155
8827
6995
7067
4090
2994
3023
4946
8735
7604
9003
8146
8274
4992
1553
4249
2714
8598
2912
2582
2622
5054
7893
6970
1906
1663
4872
6069
3163
8784
5764
2965
7326
5484
1120
4852
6980
8617
2999
434
599
9971
49
7435
3147
3506
6352
5078
7065
4881
8053
6744
6437
8423
9478
6127
6348
2490
3561
6192
8838
2799
9743
3946
6701
4684
6168
5650
6414
9484
2042
6476
1899
7320
289
5778
1555
8339
265
4212
1974
7202
5244
1706
3151
1056
9600
5954
1592
9520
6190
9540
9734
6319
5318
57
2339
6124
2803
1665
3114
6885
6219
8409
7726
7457
5145
9324
2569
2719
3391
2855
2193
3517
8613
3448
2112
6749
7449
6304
7896
1702
2388
7222
5874
2370
9931
3243
5581
1865
8307
6348
9157
4288
6988
6874
8312
1466
9552
5493
5174
6800
6065
2616
9371
6145
1098
1901
39
6125
8707
191
8088
3572
6305
9633
1024
5874
5173
9019
9913
947
6592
425
5636
7271
9020
4152
9511
8964
3593
9628
1552
8221
2309
2471
8167
7629
5711
8219
9942
7824
4614
1375
9291
1758
3489
4352
7231
5450
1481
4687
8316
6512
709
425
2830
5955
519
3007
5776
5834
632
4145
2876
5159
5773
8227
4847
9115
9295
4560
2533
2180
3544
4453
7155
3964
279
6543
1868
7724
5331
48
3118
5425
7857
9702
2864
9932
6048
8017
5634
4479
7950
182
7602
1890
8186
4481
8391
1213
8785
6355
146
7404
5079
7448
2585
474
5684
1858
7170
4135
8942
614
8350
385
6896
1962
4882
5701
1849
9418
9673
6559
9882
1753
2258
6842
304
9089
4093
7371
9965
7091
3148
8264
6576
6893
966
8138
5769
1832
2281
241
2467
3322
4598
4554
8351
7287
2709
6597
3665
9439
1012
8238
3445
2393
4736
3155
5353
123
9669
9741
8731
5579
8863
7269
2246
5422
3898
6870
542
1790
7789
7525
8696
4746
6357
8670
6929
662
5016
5222
7063
1139
8285
7930
6482
4313
82
1733
4983
5338
3857
7552
4850
5733
2978
8350
4718
1855
3418
8642
3337
1241
2772
7704
247
1812
1885
666
6521
3000
7989
8380
258
9749
1116
6538
8290
49
8790
6806
7708
4132
7524
7974
8220
8846
3469
3039
9120
3789
8733
8977
2698
6785
4335
9534
9268
5008
5556
7793
7719
4667
496
4506
9430
6505
8100
204
2756
6611
7589
3983
9859
2011
7264
9492
7626
8364
7010
9156
9645
2686
5444
945
6764
7506
9656
8115
9634
4098
2714
1237
7821
1508
1746
3596
6554
4988
7281
5549
3994
2135
2737
809
9027
7551
1508
7772
2006
7162
7890
1984
8626
1457
7282
1656
157
2879
521
6703
1642
6335
7024
3237
3343
3371
1464
9643
9715
9962
9128
7418
4477
5034
5810
9823
13
1862
9121
4031
4207
7318
9434
7957
8107
4552
328
1251
3361
3167
368
1009
9207
7175
330
6706
5027
5134
2551
5566
5933
8713
2019
9127
5674
5645
1995
4115
3276
547
513
5907
7244
2390
7912
838
3917
552
9746
4404
4613
2321
3831
6013
9566
3488
5006
7348
5353
230
6252
641
6489
4885
213
5202
1185
385
880
5379
5877
8171
1234
827
3063
2192
8960
400
2240
7249
9013
4308
4283
3382
8774
5267
5469
9271
8807
8281
8546
6672
9823
436
4739
4818
4334
6627
2372
8394
9744
4475
4928
5218
8086
1877
3797
67
6494
3610
8690
9240
1642
9173
1761
6381
838
2700
9876
3864
2230
7151
3089
5577
6693
9238
6446
6386
4344
8589
6497
693
9349
4481
3539
7560
7719
6171
5531
2665
4126
8310
9879
8012
5418
1221
4841
8740
481
6929
3160
2657
8357
5756
6730
2194
9136
4988
2593
337
5029
717
7359
1829
2233
6252
9268
8412
7740
5719
4554
2216
9080
9399
7495
4533
9119
8177
1607
8169
2516
8062
2798
311
5218
2162
3993
9430
3433
6712
4713
4129
3970
9832
8422
4029
3496
6477
5062
2804
314
797
6126
1306
8611
7512
4869
4334
1750
7267
4814
8071
8156
7007
5572
6461
639
5322
6188
3870
7537
4452
2705
8267
2026
5186
8456
3845
4097
8234
2712
4535
8268
5818
5736
155
8916
204
6052
5104
4267
1708
8779
5441
9552
7277
2265
3939
9599
2199
3921
4310
1245
1696
5162
5142
6310
6211
9669
1312
6639
4048
8793
5643
3693
7697
2858
6387
6552
5633
7382
6773
3812
9706
8762
1263
6834
9297
4860
9478
4080
7381
2101
2776
8856
315
2187
371
5671
2759
8342
1593
3667
1446
3116
8363
9052
6723
7215
7313
2355
8739
1560
4101
433
5947
2848
3416
7655
7211
6232
6933
5423
5200
7454
8052
4342
7990
723
6631
8668
7850
7965
9131
8451
1016
9675
9594
777
9929
7537
4698
7850
9925
4222
1767
6321
5593
6337
2069
9229
8190
2352
2986
9181
4354
8529
1706
9015
8142
2366
9998
4051
2913
4868
4297
8284
6961
91
7858
5380
6958
2822
2042
4175
6241
3011
1955
7532
776
8628
7587
2873
4234
6982
5365
2471
5026
8213
6614
1689
2371
3697
8787
3742
5530
6363
2547
269
159
9563
2767
8049
8435
6093
4355
3488
5067
9146
4445
8219
9592
2601
925
1050
6486
8868
3554
3831
8499
8731
7986
1348
5379
9096
4888
8306
9682
1369
6064
9612
3715
5312
6980
3756
6835
661
429
2891
289
1501
9198
7359
7593
6501
6533
6907
2031
1443
2007
5568
9282
9169
6893
2313
2410
6070
7606
4939
8495
3556
7914
410
1024
7532
672
862
9851
8884
7618
840
986
3170
1443
7982
1785
8329
7757
6315
3207
5024
5860
8619
9721
5471
6289
1907
9173
3071
9994
7940
9477
6974
8696
8947
6319
2834
8494
7214
6265
3423
9109
6065
2610
545
9270
8901
7121
2720
4734
2415
9413
1503
9143
9897
7125
2958
9538
619
4281
9821
7696
1690
2271
4191
5688
9480
7738
195
9037
8755
4318
1009
3700
8985
666
4884
3712
8938
5491
331
4798
2656
1410
1552
5498
2149
3383
1332
1442
4776
4179
134
284
6134
8893
6925
4503
2534
2870
9403
6791
626
2574
8697
8074
5621
6897
6387
1337
3653
7223
9726
5378
8335
8133
4315
1383
6309
7080
2191
1761
1702
576
7238
5093
4757
6478
9180
3237
5689
6821
2008
6616
766
3296
2625
1578
4018
7961
766
9333
4575
5071
1759
9399
6639
5995
9608
1795
6351
8122
9032
1242
7387
377
1596
3562
5061
2525
2883
9119
6875
2765
4766
694
6021
8310
9279
3493
3156
6617
8315
3099
926
714
6460
3181
5189
696
2616
8473
6640
4848
9769
146
6655
8114
1231
70
1548
2639
6013
7660
162
5001
5590
8004
743
7378
9251
2811
4367
5404
5490
6329
3855
3746
2420
6841
9075
1524
1087
620
1791
3657
1733
9269
5828
880
4544
3276
1193
778
3243
4307
4047
4512
1991
6274
7895
9062
3494
515
5253
2826
8971
3604
3162
3173
8674
7192
401
8171
5035
8109
9018
1122
9192
3470
7890
5757
5642
9953
1430
1994
9069
8592
2252
7020
2031
6450
2655
4100
2088
4348
6099
2028
2243
5477
6528
1406
9090
3146
327
29
8933
7200
2988
8608
3354
7696
157
9750
2154
1331
621
7681
3448
780
7010
3544
7769
9658
8519
1268
5497
6092
8792
1983
4664
6063
1246
756
9248
3612
3608
8006
6411
8750
3178
9397
4877
5508
4441
2220
5558
1930
1042
3315
9931
1023
4855
3455
1207
6667
5907
5754
8328
1341
8236
1169
3038
3123
8444
2426
5827
7895
5632
8825
7455
8929
3724
8302
8883
104
9716
9812
4003
903
4359
8701
6299
1008
4919
32
2737
9850
3260
27
5594
1781
6267
3757
5685
658
9818
8008
8494
8601
1969
1838
8100
2429
5777
3786
2464
7848
7285
3887
7628
5868
9606
715
7697
8107
9717
8522
2089
7648
652
7202
1469
9959
8070
8285
9020
3990
6861
3475
4282
7034
405
8326
2634
8182
2355
2587
4693
4292
8443
458
6385
9251
3664
8550
2268
2030
8441
6694
1781
1533
5887
6915
552
6564
1093
8846
6616
7357
2588
5676
4478
1096
5485
3308
8289
7568
5701
6829
9133
2705
4648
2618
366
7121
4239
1461
9291
3973
2752
7897
3061
5473
3104
3687
1624
199
6469
8765
786
3995
5766
1330
4009
5689
5555
9850
2442
5129
7128
3648
8849
5093
182
5472
2619
528
5344
9005
9812
8270
5065
6613
4358
7890
3883
7797
3909
9658
2923
6785
6645
8728
7644
8521
3325
5617
2302
5870
2311
1786
9382
7307
3916
5730
7320
3568
4474
9344
5270
3789
9781
6543
9350
6521
2226
6128
847
8647
5835
8701
3196
5744
8693
3058
1179
690
2785
981
2797
3442
7151
545
1489
3817
1427
7181
3997
830
3364
8595
7072
6713
5685
4349
4412
1044
4798
3413
3765
635
6291
3327
2956
3760
9877
2748
2767
3131
9538
5085
4033
608
2954
4716
6111
8054
8007
8827
3970
2992
3148
7307
1545
4714
2684
338
9693
6416
7724
8314
8154
1523
8388
1555
2217
7912
3172
7916
6471
1985
6914
4834
9968
5678
9644
8623
9398
3383
4820
7890
9487
2523
6931
9835
2700
1011
5247
7896
3553
7230
2627
6713
6386
3306
5719
5695
9253
421
5647
5618
747
5734
6304
3634
1064
4043
776
817
3344
3771
5078
2962
6454
6065
2391
9707
5746
7845
285
9297
4067
4500
8042
6259
1292
5580
1120
7123
7016
7332
5041
4937
7675
9193
1546
6792
6331
7478
5732
9789
640
8410
4054
23
2096
4362
9596
5960
7567
1731
2784
2358
2315
6214
2871
3338
2258
1412
7928
3558
2050
9695
8834
4574
4688
8
5811
9419
7867
5951
4417
2184
2024
8836
1588
975
5129
4691
1329
1978
9700
1195
3944
9584
8171
393
2325
2532
3840
5710
3739
8840
5907
7247
5817
2931
8798
7648
986
6827
7898
1926
4462
3511
6139
8546
7100
4663
8424
5795
5911
6830
3816
7019
1812
9820
8599
648
6374
8583
6856
6091
6673
5198
9066
4594
169
702
3326
4898
9560
7433
8318
7173
912
1361
1884
5119
7099
398
4169
5313
2520
9107
9695
4992
4415
2402
8436
4235
693
854
1999
6252
4129
8035
7346
9895
8027
5960
7132
1855
9007
8156
2733
2073
8432
1114
3270
4834
5188
3989
1542
9716
9017
3262
5706
1144
5396
3809
3690
2612
109
299
5935
1834
4046
3195
822
6036
6555
1747
6340
2422
8674
2319
1001
7427
5999
4156
6768
9792
4584
6260
6872
6731
2267
8445
1786
9497
2151
6809
7329
4497
4549
8914
9907
8799
8666
6741
5243
4321
5522
6156
8571
3302
9162
50
6272
8757
4103
8590
1170
7529
3117
4085
6306
281
960
9842
4920
2309
6459
2113
7571
1422
7487
1711
841
4293
789
7236
5946
648
1372
4927
9665
5490
4215
1180
4529
3119
4439
2450
9937
3143
745
3905
976
7910
934
2517
7116
2813
7622
2524
8674
5793
6893
1175
4948
16
2534
507
4275
4191
3792
6529
2918
8272
5100
647
6631
8408
2111
9414
6055
3908
9566
7758
4664
719
2997
7741
5885
468
8096
9589
4232
1443
8676
4229
3826
8095
6600
6933
6494
8585
4792
9749
803
5714
7495
6394
2850
5162
324
7014
9386
6391
6322
1801
3970
5795
3252
1840
7220
8697
1627
2746
2959
6691
2636
1695
3066
9447
28
1210
5202
5603
272
3781
9203
5659
874
9768
9918
870
7582
7353
6525
6080
7413
7342
974
1143
5914
7523
1077
5135
3885
979
6986
9900
908
258
3354
4655
455
4633
3253
1341
4095
814
4138
1220
388
8425
563
6780
7388
316
3152
9493
6405
4357
8408
3121
8637
7730
9346
4373
5602
6964
2650
7530
8912
6931
4077
7330
4877
9869
171
4899
4661
1119
991
4774
1255
1725
5550
7205
439
9282
8884
8804
4041
7520
7315
6366
335
1960
6338
3200
8202
3721
3783
4697
8795
6014
9423
9988
911
8230
1062
9561
3977
636
6244
4458
5642
8636
8228
1327
9324
9338
4631
8960
748
4729
7220
6229
1503
5118
1759
8347
1939
3766
7504
8228
5387
8558
6986
2412
550
9455
8037
6478
9231
1066
1697
3162
2047
8134
1563
7509
5720
7993
2448
7298
1653
8128
8795
3709
7038
8845
6188
6735
6531
760
2515
2220
4638
4331
8869
2524
6427
3978
4121
851
6864
2453
1204
21
7191
2102
7683
96
92
8387
7888
5669
4083
7638
9025
2877
1567
5362
9060
8215
4293
3658
9882
6095
4576
6277
5291
9755
571
7708
9672
609
9140
8277
9897
4414
395
731
9921
8726
3888
5009
4858
5051
7585
6975
8872
816
7264
3804
9137
815
5777
3362
6336
5158
8744
7482
684
914
5670
9303
1300
7596
3224
3037
5917
2453
471
422
7351
133
4237
1906
2970
2675
6429
2182
3444
49
4173
9058
7495
8480
7899
1871
59
3650
2155
632
2303
8556
8830
9945
3278
1245
2746
2345
4641
5980
5102
4183
1834
2457
1145
3398
7396
1637
4619
2649
4660
3469
3031
3105
2996
1322
4580
3929
8974
311
9734
9983
1324
1851
7832
5616
1460
4768
1881
5509
5413
4060
2729
4531
7556
2048
7195
7288
1220
3024
3406
4643
6413
1774
592
8853
270
8360
9879
1177
1539
6428
7269
5818
6454
9955
9896
1874
9697
3831
1917
622
768
6977
6937
8896
3070
2775
9741
582
292
528
1293
7333
2241
3396
7447
6478
192
2765
3627
8805
37
6402
4858
1412
27
7876
2939
1127
8755
7740
328
2151
8165
2727
3337
7514
5835
7830
5609
7691
585
7567
6548
1309
5492
6934
8345
2259
2861
9605
9562
4699
6366
794
2852
2495
6613
4846
9332
2408
7728
3121
2346
1024
4213
6010
8952
3835
9262
4037
8291
1153
8041
6904
2214
9617
1984
6085
5021
9919
3079
6088
5963
1095
333
1892
308
9216
4120
5191
2164
3653
7956
100
5035
7218
1401
9728
4103
7417
2249
8658
7643
4843
934
2768
3617
1277
5181
7077
1511
4463
8328
4307
8788
8726
440
1759
5932
603
7396
1697
4002
6475
9437
989
3861
4847
7325
8976
6792
9331
1226
8697
2084
9685
4714
5469
8375
7312
3851
8597
1978
8511
9251
6484
7304
3475
7179
2793
1528
1528
4335
1478
8145
3438
9751
1461
1767
9751
6418
7539
9586
59
4696
2712
3292
1864
9367
8522
8910
9271
2235
4230
1036
1143
2627
2713
2227
5524
8822
786
7947
2170
4478
4352
2390
7833
5468
4239
741
9580
4177
6881
9006
9896
274
5117
3399
3543
9267
8260
7459
258
2712
7380
6569
9229
6853
1205
6352
1004
9712
476
3530
9978
119
3703
5288
5956
6069
5272
5892
6389
3892
7648
7407
1848
4227
2989
4694
6071
5529
5962
3579
8453
967
8713
5055
1275
9922
1035
7690
6147
1054
3608
5059
4130
9908
9853
4907
1880
359
2422
2023
1716
5878
3652
7364
7035
3519
5379
1813
5700
862
2462
4161
3141
3657
6078
9385
3756
9898
7380
5103
3935
4206
9488
1203
2503
4951
5932
88
4732
5386
6638
2699
4181
9195
8373
8560
2589
351
5112
6444
1795
6923
5277
5938
3235
8572
6949
9193
9954
7899
9269
6439
3252
6469
8041
8465
1130
7420
6246
4208
8468
7852
5646
1822
9565
5886
3948
7166
2057
9199
3101
4517
7547
4170
8219
494
8304
7309
3346
3669
1296
3573
9822
9164
533
9381
5364
9628
6165
1649
7146
1437
4150
8037
124
7703
3401
7700
2668
7728
8299
6357
5146
5907
3190
4219
3520
1776
2094
432
9277
6887
1196
3078
9000
3502
3913
9502
1790
4706
8345
7745
397
5500
4717
6207
2388
9636
6065
5322
974
7554
8890
1978
1246
6628
1707
4691
6447
6102
8559
5138
662
5627
1386
9558
8843
8063
9881
1715
2436
4388
9956
7685
9050
936
2265
1534
7571
6965
358
102
5943
3594
4019
4617
7405
3530
7049
6571
2424
4673
381
5429
7768
9694
759
6124
1219
7985
2427
5004
268
5987
4292
3925
5805
6859
7822
3511
7307
663
1599
8281
4293
1828
6891
8268
9937
1499
4844
4060
6648
8578
0
4770
140
4744
6706
1332
8067
5561
4696
759
1650
1884
7620
499
3886
3213
3619
5871
5910
7399
209
7724
3869
9151
6627
1906
2273
3153
5614
6928
6212
6308
3135
1261
4032
7603
8952
7161
4137
3383
3135
3555
4406
482
3640
6625
409
9538
7872
2997
9058
6113
6803
7144
7640
7755
3663
1533
4267
1036
482
5366
4720
3767
4814
5301
2340
4093
5895
9491
2240
9968
4143
4449
8374
9644
455
2807
2248
6226
2052
8844
4973
7087
9772
7833
193
2018
7651
4711
4007
2322
9389
7344
9409
6777
7896
9753
7033
9350
3447
1084
990
7896
3226
6773
8465
2651
24
9443
4408
8284
661
8350
8103
3519
5379
7891
6730
7884
7860
7610
2114
6006
1809
8459
769
6089
4098
2612
4084
650
6364
7058
5046
4449
6643
4418
217
6639
133
7920
892
1587
3511
1358
5304
5592
338
8952
4555
4751
6077
4543
8557
2605
9955
4294
4658
4897
7518
2168
903
2728
2093
2872
7859
4738
5557
2632
7851
3552
8855
4227
8070
1646
495
9024
4522
7051
6910
5414
7076
9855
2007
14
1952
6353
4498
5266
6926
8844
665
4677
6267
5604
7104
4797
6916
7344
2688
1307
4833
3590
1511
5051
548
4864
8867
2741
5974
4269
484
6170
294
5155
1170
3251
1374
9899
2777
3985
530
8530
2980
4521
2753
4902
5728
2900
1482
2450
1460
770
6924
1153
137
6384
9541
2294
3013
5551
5829
7827
9670
8831
1799
6717
5307
5255
662
1506
9514
5102
5156
4526
1862
6879
1668
4674
1501
6522
2845
2476
7655
79
7741
3288
5443
4628
3736
5901
6728
6060
2392
6578
8885
6460
2264
6598
5277
8335
5225
4746
23
7668
9336
4883
6197
2890
484
2721
992
2252
7060
5215
3559
7805
6812
641
1276
195
2664
7322
7992
4856
4783
4227
3439
6795
9439
7235
6458
8151
1349
698
5927
9983
5069
5139
2380
7321
2766
8415
150
4413
197
9465
4616
5332
133
900
1588
3612
2573
9125
6246
3427
4120
8397
7127
3984
4646
8323
6647
8255
8004
2645
3370
6952
4940
832
2839
8731
604
3026
3137
8033
6078
3166
8577
2643
3224
4743
9894
4125
4789
8569
2165
5570
7199
2205
2313
2808
1770
6207
6461
7135
1150
3272
3728
9938
1737
2505
7065
2140
9547
2536
3667
4328
6526
4037
7152
6612
6688
4285
1233
801
6592
3864
9936
1316
2680
8333
2520
5412
8759
5759
2239
7750
545
4364
6823
9115
574
3225
5134
4190
6034
2970
8844
8680
4110
2705
155
1796
4264
4029
6638
6136
4582
2928
2031
3339
9763
5600
7517
534
1612
4772
1438
9575
9049
8999
6637
8322
3504
8580
3735
816
7324
8211
5499
1114
7384
8345
2163
3723
3385
4306
94
2151
550
4654
6484
5875
9372
8036
908
5231
876
835
537
3143
4435
6252
9522
2416
6645
9201
4691
7411
3928
325
9029
9278
8637
6809
1658
4689
8238
7230
8000
9001
9844
2659
6665
6139
7841
6452
219
9112
641
726
5438
7081
3690
8386
4918
7127
9795
5763
5989
1490
4542
2387
4737
3921
4133
1270
2685
2041
5315
5141
1136
6080
2241
1555
3560
8238
3086
2514
9485
1060
32
2292
4361
7657
9826
554
8559
1411
8553
6500
5302
7856
3478
3798
1664
6870
6858
5347
8994
8976
1474
1551
9122
5617
5316
5700
538
9590
3296
5312
4341
8467
7206
8835
3253
819
1186
2992
8193
2299
8937
7212
6019
6269
596
8107
8933
1513
1760
8744
698
7826
4493
4596
7384
8789
310
463
633
9837
8110
437
9605
8959
5841
5996
3681
6731
3248
5719
1787
2260
4503
3775
5764
1611
3733
3338
4582
5771
3499
5388
3420
5853
6129
2979
6613
4315
499
5982
6320
2265
2299
1552
9372
4624
4137
1143
3234
6824
2935
5736
8249
9045
5964
7154
7426
6548
3640
4809
6906
7582
6686
4057
9942
3537
7671
4420
4732
9568
2064
3422
1783
7716
1947
4460
9595
8744
6305
5250
8426
3326
5419
6718
633
8045
3312
906
2684
6702
1407
456
8293
2877
8631
1519
4359
5368
8002
6601
1358
4172
7461
3739
7699
1006
3137
3683
3180
5019
6562
7288
96
1313
3431
1215
1857
7146
432
1199
8029
8313
8402
8652
1561
6060
4584
8168
