18727
13139
14150
10614
14761
16111
11287
18936
18510
19840
13126
11529
17569
19299
15628
11107
11303
13241
19063
15350
12914
14080
12228
19312
13295
18407
18694
18532
18796
12983
15479
16154
12213
11735
14350
16911
11333
10329
18652
15825
12194
16232
14033
19666
14827
13812
19715
14817
17734
15996
18078
16014
13582
16276
14233
16652
12679
17460
13994
12817
12693
16431
18184
10023
12746
17423
13595
13747
17547
19831
16048
12283
12550
10413
19015
13194
14237
13891
12027
12681
10601
10426
16716
10563
15643
13221
14738
12261
18270
14567
11079
13130
10391
14092
18236
19847
11170
18645
11697
18128
14420
19295
14716
16019
13963
17256
10953
17220
17378
17201
16751
19491
12040
13390
10999
19017
18591
11306
19405
12825
16072
15105
11727
17826
19811
19044
15093
16863
17889
19310
13842
19263
14476
11167
16519
15825
18686
15186
13632
15925
15721
15475
15549
17461
13013
12292
18542
18758
17849
11184
18386
15186
14531
10901
15150
12309
18493
12727
19874
11605
12023
14582
13647
14505
11211
14269
12305
15344
16616
17596
15421
14140
10714
18733
16557
15605
13707
12130
12853
11723
15475
17622
15945
11351
15559
12897
12923
11854
14939
10426
15604
14539
13054
19171
18716
17801
11055
14900
12782
19324
17564
16769
15458
11418
16368
12016
15876
11625
16438
15027
10147
14106
13383
11854
12576
15998
18063
16316
16415
16935
12443
19245
19958
19200
14978
18130
18699
10640
17832
10444
11886
12379
16033
10287
12329
18607
14348
14614
11568
16296
11048
12282
18645
18553
19052
16435
19623
16494
13964
18329
16725
11041
15435
18592
10507
17823
12959
10136
15843
15500
19726
15466
12647
10251
18497
19950
15252
16917
11558
11795
10147
10349
12805
18904
10388
18859
13736
12596
16396
15395
16728
18220
17108
10999
18319
13150
12458
19482
12471
13291
18056
11794
18744
10324
15561
13566
13171
13193
17754
19500
10233
19029
15575
13857
12805
10658
15537
17169
13185
10095
19794
15463
12389
10054
17912
19801
16805
18361
18903
10721
10956
13406
14457
14318
12677
12267
19460
14100
12288
16999
13859
15517
10521
18723
10759
18120
10874
13599
19187
13667
10847
19572
16422
17174
13075
17838
14006
11920
11753
18404
13560
18691
11973
14796
13440
14199
19565
19038
14876
13530
16877
14320
16766
16711
15577
19446
11541
10049
10964
16123
10665
18782
13593
17402
17210
18726
13032
13193
14712
11139
15508
16668
16019
16784
11845
13567
13221
12340
14656
14983
19917
14702
14035
12987
10028
16482
19147
17656
13192
19051
19058
13498
15344
17880
19918
13049
14534
18550
17153
15518
16240
10867
10739
18739
19482
12769
18812
13413
14903
15371
19875
19648
18630
15386
16704
17130
11241
11455
15656
11933
19410
16415
13566
14913
18946
18466
10664
18920
11831
10320
11999
14653
16613
16964
11777
17872
11015
19425
14681
13902
18030
14092
15782
18887
11877
14536
15947
11093
18220
15556
12798
19704
13811
17194
18230
13013
14349
19874
12225
12716
15726
10462
19327
16049
13106
13064
18450
12973
14284
17676
18977
11267
18642
14424
16036
18463
10696
11053
15721
15851
17679
16582
16624
16471
13924
14591
17519
15945
10895
15471
12267
12289
10642
18165
12113
18433
12174
18396
12425
19074
14803
12227
15592
11701
19833
10854
14358
10154
12176
15040
10154
17923
16420
15275
19126
17544
17685
16846
14536
11894
16195
17352
17933
12992
15924
17888
13083
13972
11883
18108
16044
10318
17679
19697
11936
17146
14807
12382
13997
10354
17824
11567
13322
10792
15008
16893
18329
12265
12431
16618
11413
16129
10436
13536
16563
17536
15459
14373
15731
10941
16842
16085
13662
15428
17854
19256
10589
13581
12438
10972
19685
11178
14434
16926
11523
18817
13955
15283
10877
10737
16396
12871
12212
10541
13190
17663
18904
18341
19792
10156
17849
18890
15638
10278
15484
15695
12850
15758
13447
11818
15319
12492
12111
14064
17460
17394
18048
13653
12402
19450
17121
13054
12701
15257
18328
15683
12715
11196
14822
12390
10747
15569
17553
16306
10761
10518
13905
15451
18013
15376
18378
10789
10328
10170
14872
15879
16876
10492
10466
13163
19300
12637
18709
11032
15853
11004
16389
15314
17768
18113
11516
18585
18548
11259
11803
10784
11042
18848
12345
15049
14257
13738
18369
13339
11678
10534
13947
17520
15556
18742
10390
12839
17093
13888
18669
12431
10735
14298
18653
13441
11908
12105
14230
17594
11432
13192
17436
11690
16583
12336
16590
16339
18311
16559
13176
14519
16475
11864
19650
15021
10136
15933
15758
19711
17897
12127
14003
17689
14104
18170
15912
13853
10305
16275
19469
14214
17776
10166
14684
15326
16187
18403
18629
10653
15456
12781
13476
12372
12776
15136
11101
13150
14384
15873
15606
18772
12183
12728
10771
19147
18583
18876
12891
12170
19042
15337
10706
12215
10710
13818
13206
12599
17288
12644
12988
19277
14778
10200
17517
11228
10147
17473
13184
11520
15073
13655
17345
11885
19960
16586
11678
12781
19152
12790
16149
10380
16928
10307
16601
11701
15240
11136
10609
19185
18388
19147
15576
16432
16905
13609
10269
17493
12714
18087
16011
13188
10346
19415
16533
19205
14455
11691
16166
12428
12149
15781
14478
13881
19800
15707
11710
18959
17862
19466
13474
18198
13986
13322
15013
14752
14256
15427
15073
17942
14726
16732
16887
15760
10587
14589
19156
13093
18294
17200
12999
16515
16759
15102
11805
11021
17332
19259
19700
18814
18691
14026
10882
15349
12007
17216
16478
13265
13781
18835
17791
10507
18608
14646
14767
14994
11790
10676
16399
14532
12186
10009
15350
17288
19010
13772
12592
15141
12338
14081
19061
19483
16067
17912
10440
16621
13738
17342
18038
17868
12209
13414
13458
17571
15519
18004
17228
10903
11426
10497
11921
12043
16104
13825
18391
12539
18267
17464
19734
19114
12585
13387
11318
19927
13686
14609
16807
18429
16256
14994
19492
14306
13789
13274
15432
11758
18407
13859
19924
16361
16817
11956
11635
13101
12964
10738
19382
19838
16226
13888
14965
12386
15094
17684
11745
19707
10212
13002
12715
10287
17364
19077
13705
13652
10538
17694
17046
14223
17569
18594
18552
18202
16001
14294
15979
18053
14810
15295
10255
13258
18407
14674
11752
10519
12949
14468
12578
11334
11399
14884
12502
19976
13017
11422
10449
10288
14980
14255
15753
15445
18702
18868
13315
10830
11101
16859
14691
16530
11493
11069
12705
12604
18151
19761
10699
17231
14603
10421
18729
15127
14708
14967
18129
11208
17259
14614
12740
12377
15393
14473
19782
18517
13467
15061
15885
12316
14197
10353
14089
16366
11856
19737
15777
15144
13112
14279
17448
18937
15686
16110
15995
16562
16429
13389
17711
13794
14649
12311
15672
14845
13555
11936
17287
14934
12540
17224
18865
13004
15694
10605
16842
15014
17411
12645
15951
19834
14250
17932
13076
11789
13310
13182
11774
16128
11299
10729
16541
16306
15200
12068
17762
14862
14985
12939
17995
12890
11170
13528
17752
16617
15190
14821
14248
13460
18525
14884
19738
14049
17328
16887
16999
11218
12875
14065
18279
11681
14619
15512
10616
11249
11803
10658
14782
19817
11687
19617
17359
18065
17236
11204
15400
13857
14845
10346
11007
12641
13100
11866
18758
12812
16905
18156
12369
13976
17379
14159
18248
13295
16876
14221
12658
12722
10165
11894
16100
17796
17397
15579
13208
16917
11804
19998
18984
18510
15252
15929
12499
12360
17753
18387
17335
10519
12829
16482
13978
12674
19222
16541
13156
10619
10862
13805
10648
16586
11235
16952
13517
10565
15326
14047
14897
12472
12185
18115
19462
16049
13806
15474
14558
12703
11499
10209
12580
15173
19232
13722
18657
12827
14511
19156
13935
12726
11292
16693
18842
13129
16140
17196
12603
19043
18401
18487
14955
12618
17487
10665
13537
14738
15572
14307
15746
17955
11936
18126
16984
15106
16027
10734
18175
12392
19872
14517
14176
10472
16921
18297
11302
12236
13616
19494
16538
11284
12015
15744
13241
10891
16677
10614
18122
19236
16652
17933
12132
13012
13919
14537
13501
18213
12895
11761
14639
13810
11750
11902
15852
11346
15169
17029
17923
11048
19937
14045
12450
12956
19266
11678
13589
19773
19134
12227
17300
16699
10061
13297
14564
12305
10749
12522
13139
13678
15787
11315
18398
18547
18223
12051
17525
16821
19234
16805
12951
14135
11348
14702
10249
10316
18704
19301
12961
16474
17707
17018
11790
15386
14087
12539
18447
11207
17850
17411
15047
16203
15913
13561
18440
14135
13301
14365
15060
12216
17716
12059
16016
16156
18999
11789
13968
15692
14572
19404
13097
11233
14271
12196
10909
15759
13168
19262
16015
19957
18954
10856
19102
12736
11239
14206
15295
13714
13740
16599
14840
19040
16732
15248
15652
17030
16373
17430
15602
15460
19556
13702
14665
18101
17787
11615
17031
14089
11259
17283
11109
10069
14779
17404
10999
11700
10477
14877
16432
18070
18340
17063
19476
19851
14537
16868
15327
19599
19220
13365
11441
10523
10024
10460
13911
18236
14851
19215
12557
18561
17695
11901
16455
13256
14215
13571
19835
14721
19587
10014
14163
10180
19762
19319
16020
15608
18646
17957
11966
19796
17988
11277
10914
19288
13769
12634
11813
15692
12760
14978
19372
17871
15572
13650
13432
12836
18000
19412
18204
10859
10761
16246
16040
12250
18826
19377
16683
15527
15448
15112
16973
19309
12754
15611
17922
13147
10260
18502
15724
15714
15062
13367
10812
12339
12604
14563
14354
17658
14908
12594
14775
13333
13927
14284
17759
15258
11321
15392
12040
19428
12328
17991
19764
10749
10657
18899
14678
14453
13380
14801
13531
15522
19614
14278
16122
17505
14501
16929
17243
18512
10425
14968
19388
18750
10734
13298
18558
10992
17314
19864
16748
12596
12285
19330
13786
15312
15828
19581
18047
17003
16671
12358
10297
17609
19142
16488
17424
10234
10833
14555
13103
17044
17936
11643
10641
18837
11055
17809
19116
16597
12951
14329
17759
13131
11053
17448
15046
12952
11822
12326
18378
19008
11082
14231
17421
15528
14292
13596
19177
17323
13402
16524
15699
17179
12401
12555
15972
14664
11974
17068
11958
11608
14769
16566
15031
11800
16719
11256
13133
15041
16553
10855
10848
18582
15207
16338
14277
12186
19191
12480
10140
16600
17108
13458
13827
19029
16541
16541
14255
13379
19283
16945
14352
17498
16500
10285
14740
14394
11842
17774
14748
19537
19718
13266
19297
11711
18035
10595
12375
10630
19502
14235
17838
10532
13322
16271
16097
15314
19518
17914
10879
17431
11477
14311
13708
19714
18378
17330
14996
16579
18070
12131
19724
18650
12738
19853
12565
12739
14190
10550
12004
17344
12983
17625
15518
12322
15754
17438
18200
10277
18115
15530
15346
16300
16248
13924
15484
12223
18945
12373
14055
11252
13264
10082
19556
19008
11183
13428
13332
17342
11679
19517
11387
18035
12538
15031
11621
14522
18819
14747
12689
11098
10422
14364
11349
10728
19476
17812
13580
14546
19359
10113
11029
18390
11114
13015
18425
14325
19704
12146
19456
18009
12132
11211
18329
15928
11780
10895
11736
10126
18510
17562
11254
11813
12014
19580
19369
19445
16727
17162
13242
11309
10201
14972
19103
17408
13259
15460
16722
10563
19471
14826
17808
12016
13547
12884
14367
12554
13083
12669
13070
16182
15767
15582
19494
19727
14633
13107
11753
18397
17246
16699
16462
14272
10779
13297
11245
12011
13903
15102
17074
13600
18095
18772
10613
11913
15539
10959
11423
11044
18143
14265
11406
19891
12341
10103
14195
14335
17370
12706
10312
12476
10449
11577
19879
16882
10937
18048
18419
17548
16941
15285
12870
19397
12067
10096
14287
18493
17077
19163
10951
11915
11028
11995
10569
17212
19171
17774
13107
18731
10349
13545
16402
19750
14922
16757
15176
11303
15362
16003
10302
10863
15571
10030
19288
16663
11687
16542
10774
16278
16733
19165
15590
11368
13743
13027
14387
13964
17248
16860
17215
13529
10904
12275
13515
18188
19908
18898
11984
17966
10389
17455
18490
12653
14417
11535
16815
12022
18497
12806
11385
11492
15423
13710
13314
12073
14281
16326
11156
19432
10983
16000
15517
13277
12264
13593
12364
14890
19309
10739
13282
17605
13306
18404
12215
12316
14149
10195
17280
17676
15209
18360
13134
12544
11656
12250
14080
16462
17179
16102
10598
12469
14082
15468
12300
15376
14736
19324
18475
17817
18173
17981
13296
15799
14166
15258
16561
15309
18599
17102
12372
11575
18140
17772
17578
13002
19271
19084
18984
12522
16581
17762
13332
10099
17908
10930
16915
11492
19381
19988
12271
10017
11694
18677
17900
10015
10089
12032
13169
13002
14380
19062
14670
10081
12145
13531
12156
17078
17688
13990
11903
12084
11785
16350
12829
18623
12358
19708
16050
11472
14201
18871
11664
16355
16703
15115
17516
19144
12070
10040
13456
15025
13010
16103
11167
13134
18044
11366
14023
17598
14647
15359
13654
11613
15310
17502
19880
17218
19223
19536
18510
19765
12820
18602
17138
12742
15662
18199
12515
15549
14287
10098
14327
14130
15527
11481
19296
11917
12556
18073
16389
16488
11456
15834
18637
15502
13444
10887
19555
14046
18066
19823
12486
14333
15662
10223
19340
17862
13160
14341
11117
19601
15906
17216
16386
13538
19607
14194
15454
19026
10732
11832
17361
17748
10734
10438
13993
11860
19306
16157
10669
14854
14585
15409
15337
18069
13635
14760
19169
17402
14905
14839
19793
16720
15387
17799
14648
16797
19188
13993
16029
11130
10886
15033
11276
12934
16651
17216
11247
10806
18401
11393
17745
14076
11484
12828
15861
12713
14316
17295
10359
10779
19219
17764
16162
16920
17293
19344
11758
10133
16584
18885
10925
14143
12024
19597
12539
19132
17680
10363
10462
15256
16676
14056
15475
18443
11844
19067
19074
15268
10625
13544
14573
10370
11033
12347
14393
16844
11594
12634
13697
17302
17108
15150
19585
10887
13779
14797
11966
19441
11835
15866
16890
14219
11077
14428
15682
13079
14989
12825
13481
16914
12014
18920
18987
13239
18381
15860
13109
14313
15477
16439
17996
16949
16189
19846
19521
11256
18840
17582
15615
15948
14417
19630
10121
18583
12606
11566
16786
10109
14857
18272
10854
14428
18145
10113
16379
15368
11393
13005
15779
15358
17649
14712
14455
12456
18992
15821
17335
14887
17887
15401
16130
15211
18257
18121
15735
19412
11877
11742
15765
19761
10871
11313
18507
14098
15071
19158
17715
18382
13788
17794
13629
13768
15145
16286
18347
14298
12536
19224
12247
16322
17018
11520
16574
16230
16464
11497
19448
18729
17176
19399
12620
13970
11303
18341
14073
18137
13920
10010
17241
18780
16874
17939
11034
13129
12637
17071
16137
14896
10316
19511
12120
12676
17686
12849
16771
10935
17665
19243
13769
12816
15010
10589
17333
12483
19147
17502
12776
13602
12076
17614
10068
19664
16034
11731
13420
11362
14237
14751
13693
15971
19419
11957
11984
13801
19125
10261
12140
17157
13751
18305
17145
17996
13172
18929
19335
11458
10488
12454
17209
13808
16858
19479
12259
14965
19726
17431
17668
17768
17805
15984
17000
18398
10144
12666
15064
14955
13288
11418
15037
14109
10118
13726
15615
18932
16292
14039
19467
14574
15369
18625
19608
12247
11707
19749
13419
16173
10975
15148
15012
12567
11757
16095
15370
14556
18121
16081
16301
11966
12271
16090
18589
10366
18419
11781
16956
19413
13897
12500
14442
16626
11164
11974
16629
19000
14862
15775
11784
11567
11368
11229
16438
18942
14369
11276
17159
13187
18932
14993
18384
18898
18251
13978
13034
14341
11799
15610
17340
15648
10966
11291
13810
19639
18442
10250
16621
19655
10544
17189
11805
17940
17546
15144
10587
17574
15587
13284
17974
16745
15229
13049
10267
18218
15917
15038
14560
17267
12644
13356
10476
12053
10987
13744
19417
11462
19340
16754
19404
16724
12640
17475
14238
14830
10202
18866
14154
13688
11329
16636
11394
11253
16350
19766
18204
13461
17397
12299
16639
18669
12825
18795
19270
19547
11513
17985
17375
16877
18431
16595
18543
13557
10881
18041
18732
11250
15571
18760
14788
16593
10298
18305
12176
18653
10445
18037
19265
14397
19694
17192
13869
14351
16442
14476
19965
16339
12219
17886
12515
11201
16093
15452
16123
10760
19523
14793
18918
14912
19426
19965
16493
11723
13283
19924
11970
11662
19088
14143
17369
14695
14616
17366
18309
16868
15066
17352
18802
11221
15461
16512
15360
16390
14378
10835
10024
15109
18535
17206
19995
13958
13574
13282
17530
15176
14967
12476
17534
11125
14400
10261
11803
12093
11209
17014
18320
18508
15484
16917
11161
19360
19327
12065
11581
19640
15381
15843
13701
10967
17272
19894
18817
11191
14846
14555
10815
10759
18235
13493
11444
15867
18670
19476
18253
11059
10687
19692
19899
16768
19948
15837
13217
10586
13200
16333
13961
14495
12112
15422
18451
14201
10664
16688
16485
10799
16594
16560
16819
19523
10981
16758
15307
15050
16467
13289
12327
17961
13864
13645
10520
12335
18910
13092
16089
10185
15812
15639
16861
14448
11859
15130
18197
18596
17893
17202
13430
17586
12687
13386
18970
11812
15413
14494
15477
13023
19268
11627
15577
18731
11086
19626
15471
19562
16274
19602
12491
12190
15798
14286
13180
19041
12063
12391
16756
14772
13577
15910
17005
18699
14000
17321
11555
11797
19859
12070
11265
16677
12571
15353
14033
19033
14662
11223
16689
19450
17138
16369
15880
15173
14756
10503
13819
12477
18685
10260
17622
11602
11450
13716
11570
17861
17410
18237
10115
14520
13077
15191
15652
15298
15515
11275
19218
16926
13798
17674
14104
15122
18034
15107
12109
10531
12805
14898
19644
14716
17073
13677
16232
10124
10545
12025
11082
12092
17295
15475
14352
15435
11058
19600
18504
12921
13002
19658
11682
18031
12025
19195
19472
19805
19678
11379
13577
13284
16635
11398
15947
15081
15337
18232
14753
19960
13876
19320
14180
10945
19520
12229
13524
12450
16335
13274
12282
13185
10313
14232
17022
13199
17133
14802
12714
17308
12212
10234
15877
15362
10073
10703
19412
18362
10210
11422
19345
18230
19617
10228
11776
18229
17938
12433
14349
10464
19788
11118
10257
16682
10230
14702
14409
18676
13603
12629
10755
14998
12948
14334
16950
11397
17131
16226
17576
13420
15424
16413
19947
10971
14787
17098
17143
16241
13379
10143
11403
18413
14952
12169
17222
10815
12651
11756
17616
18767
17535
12756
18861
19283
16609
14599
18733
17012
17567
12548
10792
14289
12578
18296
12545
17050
11428
14070
18499
12491
15149
11421
10020
18808
14823
19288
12705
12151
16715
14580
18539
11004
14087
12526
14475
13586
18080
13334
11310
19617
14942
16360
16691
13780
14502
12851
13952
14582
15292
13647
14100
18936
15021
18723
11697
19777
11165
11356
16684
11273
15415
10862
13224
13814
17397
14370
13561
18827
17645
19867
19563
11693
17175
19911
17147
19584
11132
17802
19080
19843
17017
15768
19822
13703
13728
17785
11989
19605
16316
17978
17795
10131
12722
19305
10394
16680
13023
16130
19433
16397
18738
18682
12321
16589
19599
16958
17740
12879
17879
16582
10718
18691
15811
19384
19255
15321
19962
17000
10911
13778
17495
16675
14050
11903
13200
14635
12474
12810
12870
13880
14100
13644
18179
10058
14011
16812
10521
11209
19717
19427
16492
14589
11808
10478
15634
16522
16287
19445
11862
19311
15840
14519
13609
12580
16046
13340
14128
15113
19113
14305
12624
17247
12104
11842
18927
13197
18809
14815
19275
17276
14454
13185
18435
17949
10215
14466
13880
18865
10194
18093
11015
16592
16914
12834
14560
10641
12681
19627
10121
12542
13215
19819
11681
17237
16850
16679
15317
11865
17290
16289
16780
14115
10422
12402
10750
14771
16009
18747
12557
16820
13225
11365
18941
16534
14933
13050
13049
10314
19365
11731
10243
14779
19459
14732
15582
16553
19454
11229
10809
12524
15579
15957
18598
10979
12649
18226
14430
18911
11237
11654
11969
11094
10694
11678
16099
12028
11758
19857
18885
12761
18733
16257
17632
10745
15328
13812
10941
12419
10075
11432
18227
14967
16999
15863
10489
15864
14681
15807
15287
16231
12199
15679
16899
16760
13565
10491
13369
13052
13213
17848
15794
10546
13859
17800
11615
17931
14632
16380
12879
11904
11752
14074
12511
15451
16225
16160
16467
16455
13047
17901
17320
13357
14222
13892
15291
19837
13539
17536
16055
11053
14485
13563
10719
19837
13967
13802
12331
12414
13537
13980
14957
19743
16747
17264
15951
12336
15931
18408
19358
13574
14221
10972
18585
18941
18940
18852
19429
16355
10645
12545
10375
15836
18025
10027
15633
15097
12647
11900
17846
11360
19085
10543
11603
18657
15378
13414
15941
14217
15944
11358
13858
17127
14085
13797
19564
17418
14063
14026
19620
13933
13326
19478
12457
14944
13946
13791
11842
16287
18563
19786
13775
18038
10224
15050
13049
12178
17360
14716
15216
10556
14889
19246
12086
14552
19892
18567
14036
15268
15656
17704
10376
15848
11027
13253
19830
15545
12925
14474
16793
18559
18673
17555
15403
19331
11331
16705
12759
19972
15640
11120
14600
14825
14346
12586
11644
11765
14728
14496
12444
19777
12915
19416
19095
17609
19284
18975
15424
18819
11606
16807
13381
14455
13934
12561
12297
15741
18240
12592
17360
15658
12738
10816
18248
10132
15496
11458
16170
16608
14477
13916
17762
10293
15442
18846
17245
16026
17309
13662
14056
16838
10494
15166
11755
18605
17519
16769
15433
13901
16763
17850
19078
17134
19583
13209
11393
17359
18271
11298
18400
14797
17281
10890
13870
11987
13017
17252
14041
10788
18083
10474
11433
11954
14362
10622
13624
14921
15532
16613
16810
11587
13718
18332
10666
19394
16852
14399
10585
15801
13007
11195
15719
18368
15506
12309
16418
12116
17878
11376
12631
18529
10938
15445
15638
18685
15148
10477
19064
16301
10216
15343
11573
15226
10457
15777
12837
19858
18806
15158
16442
16292
14595
14675
18222
16626
10202
11498
16198
18778
19494
19867
18776
19407
16649
16707
11132
18094
17355
10306
15827
16817
15670
17883
12627
19904
18886
15471
14194
16186
19630
11410
18888
16848
19127
12996
19266
19589
18068
14317
15011
12175
11842
12190
12031
16168
15021
16222
15240
14682
15954
18497
11143
16421
16058
18183
17763
11877
19994
16414
13663
16607
12270
17212
14901
10797
13049
10937
18534
13938
10914
17768
14039
18373
13179
10049
19426
15725
14974
14007
17151
15764
16780
13294
16032
18136
16327
19073
19269
13583
14877
13988
15427
12736
19770
10225
18754
17417
14814
15093
17583
11465
17625
11098
14712
15557
18321
11296
11652
13229
17137
14867
19412
13361
19438
12337
12106
17758
15413
14615
16059
11150
18265
15123
16353
14901
19113
19701
14764
15067
19028
14660
17907
10018
18620
19401
12076
12798
13418
16352
11736
18639
18929
17618
11918
18581
12699
14704
10878
16049
11962
14960
18281
14403
14545
15961
15926
19961
17554
16957
12529
16824
13102
14730
11489
16948
12821
19720
10665
11308
13227
17122
16229
15796
12153
16821
18410
18504
12402
15450
15568
13437
12537
13698
14446
19380
16289
12023
18681
11631
11462
18354
14681
18619
16404
12083
13864
15058
17112
19654
12869
18199
10889
18411
18883
13994
13078
17007
15466
15569
11855
12648
15410
17213
12331
17712
11041
13336
15276
10874
19133
13303
17657
10774
17121
19868
11906
13473
19667
11052
18300
18461
19803
12746
10204
11837
16836
12055
15033
19407
14000
19456
14734
16935
12459
11226
18385
19534
14650
12254
16021
17292
19212
13371
17246
19604
11769
16612
10338
16425
10697
16476
17583
10660
14676
15146
10408
12252
19291
14896
13489
11179
13250
11472
10485
13544
10896
18085
15294
12196
16574
10860
11798
10932
18191
13047
11963
19207
11809
17145
16836
12521
16472
11172
17511
12134
18660
17777
13446
16655
18698
12609
13652
17140
17278
11435
12222
16855
18837
13850
13425
16584
19949
15123
13168
16489
15119
16691
13007
15908
19426
10157
10094
13194
17281
19222
11445
18736
19259
18957
13747
15607
14438
12026
10547
13989
13959
17062
17130
17429
12639
15236
19629
11293
19365
17274
18999
16371
13752
14627
12376
13465
16060
15360
14012
18020
19748
17394
15527
17389
11180
19204
10504
17151
19002
10794
11609
17042
16478
15848
19364
11550
13702
19305
10450
14977
12987
13312
19999
15860
19987
18470
16712
11055
15142
16631
11851
15504
14882
16094
13137
19695
19700
19999
12443
13224
16674
13950
11767
19453
17325
19456
15449
13270
17785
15664
17846
11208
17172
13011
14735
10776
11790
18943
13633
13747
17341
17639
12876
16376
18639
12807
11857
18032
16535
15041
15104
18575
14712
12987
11037
13950
14786
10599
12182
18945
16804
11165
17391
15825
13588
12436
18161
17652
11632
16206
10571
15483
18310
19988
11514
19381
14972
18050
12936
14163
18212
14009
10613
12182
17030
17433
14605
17060
11940
12427
17031
14279
13143
17102
18998
16788
18836
18947
12643
16388
11417
12672
16114
14554
18928
13843
18999
19567
11398
13815
13253
10335
16934
18824
19957
11163
10381
18919
15419
15836
18151
10408
11036
13865
16459
18902
10126
16533
16566
18713
11486
15427
19914
18332
13841
11584
18043
11073
17528
19081
17042
14519
19776
12886
13952
12403
17763
17200
13034
17753
19273
17087
13066
16716
14209
13225
12990
18334
11495
16827
12096
16717
14956
19416
12690
18579
18659
10003
17721
10879
16904
10455
13205
10451
16528
18348
15435
19925
19570
15448
15961
11990
12398
19110
13102
17115
13434
13350
17360
18193
15299
16116
19537
19271
18808
19373
14542
14526
15645
19026
10983
17933
13691
12401
16412
13718
14052
12049
10835
12587
11605
15954
16518
19009
11548
15911
10448
10345
12870
17744
16888
19508
15916
19384
11402
19023
15312
15355
14428
15832
11379
19136
12056
13012
12867
18100
13976
16692
11368
19215
13760
13865
13060
17575
14621
19580
16590
13941
14554
10002
16846
11962
18392
11233
13125
10505
10734
12467
16775
11619
12897
16023
17783
10058
19114
16132
11966
15992
12047
12958
10441
18579
15342
18273
10866
14387
11436
14440
15589
11319
16127
18929
15269
15653
17496
12447
17818
17094
15722
19952
11570
14294
12023
10313
18463
11237
19520
12181
17738
13069
16176
10764
13140
18481
10105
12624
16968
14611
10553
13362
12398
19564
13624
16096
11516
17102
10439
17050
10210
17865
16819
18195
12659
11543
17835
15930
17543
14824
17575
19058
15291
10667
14367
18962
10707
15469
14337
19790
18102
12021
11674
16730
16745
17823
12250
15989
12842
10266
18380
10961
10556
12480
16363
15287
18621
16231
15251
14933
11001
11143
14758
18306
19749
12753
12634
15461
15712
15408
16956
14957
18070
19862
16788
19612
16822
19597
15447
10490
13274
14322
14204
11816
12358
13906
10694
18203
17172
11089
15506
19539
10513
16679
12472
18244
10396
16721
13059
18173
16520
17080
12880
14394
12512
17269
18861
18328
14370
11973
18889
13265
19017
15700
11829
11163
18087
13266
14777
12815
11198
16382
16087
19940
19786
14552
17289
19606
17329
16677
14350
18457
14256
18289
18896
16704
16187
18180
13010
19526
12273
17348
16980
16648
16349
12634
18014
19161
17386
17195
19315
16399
17274
10075
13163
14633
13398
17498
18693
13672
10611
19237
14894
17071
12264
14462
12033
16586
12745
12752
10186
11754
14637
17665
11844
11027
12028
12192
16665
11776
17789
17689
10375
12646
16693
10499
16516
13235
18134
13344
19322
12907
11916
11813
18315
12615
18070
19757
10424
11100
17002
11278
13362
19530
19385
11133
14821
16725
16184
19827
15640
10481
17934
14466
11502
19170
18990
11513
16976
11808
16827
12990
17716
14091
18683
13404
11532
12482
17850
10660
16682
18420
19719
10604
16207
19916
13344
11461
10463
18389
17726
11411
16057
14450
13271
19812
18342
17520
17968
10176
16347
10683
14692
10886
13559
13958
10766
17891
15316
16303
13385
12097
13763
19096
14871
13043
14269
11590
19830
19584
13022
11873
12241
17778
14102
15257
14281
15939
15756
15689
10221
16910
19845
14779
18168
18010
15424
17328
19584
19824
17342
11893
11531
16031
13340
19815
19430
17792
18661
16419
18736
17893
15452
13622
12394
11767
15332
14072
17185
14836
17446
13124
16164
18167
11023
16427
16253
17348
11017
17742
19772
12715
17753
13703
16178
12565
16671
19661
15634
14849
12240
13530
19124
16964
10897
12557
10825
17761
11486
11361
17157
10625
18067
18234
13554
11593
19209
10692
14342
11871
19920
10599
13328
19828
17210
13762
12713
13552
17967
18873
15765
11425
18285
15882
14309
14783
16687
14462
15555
13730
19789
19080
14038
14413
17853
18402
13519
13696
19435
13198
10567
15015
18836
18788
16269
17471
17451
15127
14985
18692
10261
10104
19427
10866
11686
19341
19448
18480
10836
18866
17884
15767
14757
15375
10551
11645
19729
12493
19079
10012
14865
10443
14633
13659
19334
10824
17779
10787
14351
17832
14766
14139
13778
12184
13316
14065
12619
14246
11628
18551
11028
18429
12790
15136
12510
11775
13008
11959
18937
15866
16177
17770
11734
12630
19156
13601
18091
11483
11855
12045
13473
17329
13715
13602
16805
16378
13500
13378
12733
19492
12455
15594
16120
10826
11831
17807
17569
12897
14529
11538
15151
17882
17198
11058
16773
18983
13501
17540
19639
14937
11466
11428
18127
15444
17840
11952
19058
15145
10190
19042
13826
19090
13137
19529
10130
13135
18546
16503
12173
18634
10752
17964
17097
11914
17000
18490
17145
15571
10121
15556
11607
10387
15196
10329
19928
13815
14461
11322
17552
13399
15021
18089
19031
11247
12081
11335
18732
18715
16353
15234
18079
18859
18045
17574
19672
17856
11438
13372
12875
15634
13394
18081
12465
10201
16397
17140
11852
19848
11673
19713
14972
12269
10822
15766
16498
19938
14972
17272
18254
16599
18951
16344
10868
10619
14222
15308
13565
17136
18385
16367
11779
12398
10962
11386
11769
10545
14841
15540
13790
15157
10311
12097
10539
15356
13896
19443
15570
18975
17365
15614
17168
13371
13221
10049
16757
17835
11751
17069
17371
10220
11265
10661
16901
14403
17565
15553
12906
14519
10867
15292
10609
16517
18408
14018
13380
17498
18790
15038
15473
18580
19772
15874
10085
17556
14626
16478
11902
13497
13474
14572
12218
16630
15071
19630
16442
13323
11384
14960
18337
17794
12036
15527
12706
19306
18164
17700
18401
16023
15577
15929
16491
14461
15252
10534
14251
16506
15109
10215
14204
14359
10813
12697
18880
17444
14895
17006
16190
14290
12876
11252
17340
16746
12276
10543
19065
13458
15402
10645
14649
14516
19625
14367
13649
19378
19496
19275
18539
15776
13497
17340
17618
18144
14486
19348
17397
10315
16953
19542
14454
18715
16113
18825
16256
19086
13536
18087
12811
11905
11540
16744
16188
19072
13877
15398
12897
17221
13415
15704
14945
11020
18400
14970
18958
13231
17720
17800
19196
16973
12108
12179
19494
19607
12619
12804
11233
17003
19937
10156
19275
11526
18042
19873
15464
17061
13624
13275
19789
19580
18230
16581
12578
12368
13608
13300
17205
10863
11964
11556
11711
13241
11898
15712
19454
19403
17709
19518
13469
12790
14417
16277
16539
16598
13393
19999
19175
18385
13782
10375
10668
14815
13059
13551
14162
11314
16000
10142
15312
19834
15100
11702
15497
11541
17059
16954
14794
10284
19324
19483
16959
16988
17889
19309
18503
14736
12553
11788
16641
19239
18663
18616
16343
19632
15003
17369
15022
10099
15933
17969
14512
13695
12159
16755
13856
15905
18553
11406
13220
16998
19374
12878
18733
19011
10886
13725
10435
15347
18925
15700
10673
18369
14259
13372
18273
13155
11738
14632
14583
13599
10154
13455
11123
10445
18530
15022
14950
19484
11091
18418
17116
12184
17572
17522
11608
10290
17713
16408
17031
10575
18814
11601
10942
15835
13009
19887
17251
13494
16599
17004
10362
13705
17189
19516
15857
14732
15677
19452
16424
14559
19161
18860
13476
14195
17771
19358
19426
19901
13098
19942
12970
18744
18395
14860
19846
14265
11079
12196
14581
16823
16169
12947
14463
16212
15255
19850
15625
12547
19349
14987
12525
15050
15549
15285
16336
17417
16807
15426
14802
12701
11342
18401
15971
10313
13170
14957
10883
12623
18134
14537
15764
18947
10367
11949
12571
10202
12649
15978
17843
18426
10295
18419
13718
11527
12369
14594
11706
15094
15832
19342
19363
19968
17967
15639
12350
16318
19936
16584
19517
12462
19617
15268
16675
19380
15039
11252
15446
19927
10657
16789
17242
15144
17472
10741
18809
18716
14587
13207
14999
14651
14152
19280
16501
12528
13872
16087
15077
19320
11244
13249
16550
16686
11523
13284
12250
17911
17039
15081
12917
19198
18951
10574
15170
15909
13767
12004
19561
15514
16046
14722
10967
15511
15570
18448
16608
16395
11976
18035
14332
16854
12364
13381
13988
10811
17674
16932
17664
13681
11824
16371
10378
18267
13489
19574
11402
19069
14201
18664
17816
17495
17991
10089
16129
19424
17216
18068
14825
10905
16377
19432
10562
17375
10748
18931
13412
16721
19493
15427
12013
16752
13536
10999
17779
13210
16917
17016
18445
15298
16645
13442
15112
11920
10093
10267
13704
13285
10894
12852
11286
19348
13993
16170
10035
18704
17991
16478
16847
18934
18284
12767
14496
12184
17595
14508
11122
17816
11467
16657
18347
17301
15036
17676
14803
15251
13979
11399
11042
14458
16912
18982
13858
12107
18721
12880
12903
18979
14297
10829
10130
13354
10002
14154
13098
16601
15784
11340
16454
17970
14360
14822
11999
12009
15085
16171
16677
13155
19253
12472
19556
18597
10423
14591
13394
12288
18081
16219
13752
10097
15440
11128
18781
18540
12531
14902
15769
17267
13837
16561
16364
18537
15704
14950
10947
15276
12492
14557
14078
13015
12023
15484
17156
19970
10265
12736
11466
13861
12370
10665
14662
13667
12225
19453
16371
19455
15459
11860
14108
13658
11527
10090
18973
12745
18898
14630
11694
19075
13660
19140
13522
18945
15927
18112
13175
14280
10293
16882
10618
12287
16311
16805
10763
19452
12454
11927
15391
13735
12356
17324
19544
11535
15256
13431
19431
14074
13527
15144
12511
11198
18907
19256
16816
19291
15658
18876
15807
13987
13226
18876
17105
17660
13205
12126
18291
16322
15389
12313
10623
10445
15543
15456
12017
19514
13139
18897
13911
10640
10767
13508
12740
17451
18178
12125
15683
16651
12987
14808
12035
16131
16975
19429
16141
10337
11577
14308
15146
15695
18712
18125
15005
11338
13374
11197
11161
18140
12595
11341
16102
12077
11285
17014
14602
16353
19258
10204
18871
10374
15293
11613
10062
12654
13487
11094
19639
19075
14333
17015
13949
17488
17990
19228
18005
14616
10008
11685
19982
11457
10433
12383
16203
18922
15635
10269
17505
16332
18486
11041
11783
11578
16585
16339
14245
13223
10082
13742
16457
11665
10405
18183
17594
18564
18637
18939
16486
11188
17685
10169
11044
11084
15443
17140
12419
14503
17164
14737
14848
15422
13969
19627
18586
10657
11027
12543
12525
10551
13290
12543
15146
18067
18902
10815
17312
13679
10380
17638
18078
13435
11502
12429
15151
12785
13480
13455
14954
19320
17409
10780
13329
13462
11291
13251
16840
17289
18967
17955
16362
18220
15189
18443
19185
16044
15765
16267
13222
18928
14215
18864
17047
16462
16688
15687
12523
15541
15054
13624
12504
17935
14000
12201
14753
16791
11730
18856
14609
12949
15458
14644
13160
11004
12241
11144
14736
19299
12912
10046
17389
17695
11877
17922
12662
11864
18376
10027
16483
13122
15417
18624
11252
18350
11056
13280
10336
15448
12967
12886
10085
15917
11287
11687
11204
17688
16637
14582
10879
18107
19890
10095
19382
19097
17799
12986
10066
13984
13888
12309
19637
18162
17151
14842
16364
13896
12090
18321
17513
12866
12302
13644
13704
18786
16498
10331
17092
16396
10123
14905
12362
12451
18026
17585
14330
18934
13578
18703
13645
18669
17497
12584
12555
18727
15259
13306
15980
17617
15406
13688
19245
18073
12368
16147
12767
18477
16419
11662
15662
12407
10352
10950
14842
17657
17079
10210
13477
13135
14931
12296
12895
14537
17715
13015
14954
17392
14746
11412
17710
19155
12004
12348
15825
10386
19337
19475
18560
18741
10185
16771
12429
18482
19708
17226
12630
12528
14387
17973
17241
13703
11168
12167
10796
16731
17060
19286
19378
12809
10714
17148
17628
14133
15974
10915
19185
16609
13643
16629
15972
15178
11766
19417
18512
17683
16654
19389
18937
19981
16519
11479
10770
17168
17147
19001
14674
13180
14336
14523
17379
13782
10946
15831
11767
16044
17401
19184
19702
10732
13185
16879
15612
12739
13493
11196
18069
18698
19567
12220
18615
10178
13425
12728
11998
15531
17739
19370
19578
13361
19403
15709
18204
15837
10995
19329
10111
10630
17765
12180
15505
16126
19047
10623
18433
15740
12079
19206
18227
13662
13073
10106
13403
16164
15088
18402
12201
19707
14792
11836
14143
19556
10461
12599
19969
10298
11772
17792
13088
12772
17838
14693
14284
10242
13707
16739
12845
10369
17150
16213
11514
18479
16888
10018
19671
12000
10674
15660
19056
15481
16594
15555
18961
10613
13816
19137
13346
15855
19633
13880
10571
15869
18089
18321
17591
11808
11753
12437
14341
19698
12264
13317
10791
15644
17155
16987
18664
13399
10178
10426
12194
11949
19834
11380
17453
18206
16163
17370
17743
12639
18967
19491
13364
13731
11581
11013
17651
10525
13092
15612
17611
11194
18443
15119
16684
19566
10284
12086
19245
10859
18581
18183
11262
12466
14066
15463
19235
15594
19356
13867
19986
18793
17285
14991
17200
14955
19374
19107
16670
19266
18666
19702
11161
16723
10195
17385
17512
14390
19283
12906
13141
15301
12497
17259
16475
18096
18674
15363
15985
18882
17687
18635
15498
19544
12808
10942
19237
19817
18424
11872
18637
18770
18663
11036
14438
15068
14039
17214
11726
14321
12606
16535
12688
16198
19323
14624
11673
13557
12329
18644
19818
10779
17659
16530
11986
18779
14553
12329
17046
19649
11981
18549
13634
14845
13233
18690
17442
16930
19531
15702
12832
16441
15483
15039
11070
12218
18890
14177
19880
15667
14960
13983
14152
16860
10263
11181
15618
13110
14923
15291
10114
18734
12495
17895
14640
18061
15696
16841
12849
12446
12790
13109
16830
16039
13759
13437
15069
14350
17613
17540
11359
14296
12210
14771
17076
14322
15752
11397
19706
18454
14794
16347
13829
18681
17011
10218
16841
15945
18258
19621
10630
11192
12523
16528
12142
14426
10237
10179
10306
11546
15145
17345
14170
15808
12401
15217
17221
13249
10917
10091
15889
19099
11100
14126
15980
15315
15072
11923
19434
17687
10226
18468
15168
14696
18550
10044
12041
19262
13510
10131
18987
18851
13519
13029
17224
19013
15999
18952
12129
10367
18865
15693
17811
19281
16929
13596
15749
18060
19120
12550
19935
11327
18715
11981
14880
11449
12829
17408
19591
17376
19300
10046
10144
18039
18810
19123
15844
13608
17575
10133
19121
15308
11288
16063
17308
17253
14100
12790
15208
11826
17394
14318
10986
13458
11866
18274
14334
14412
12984
17197
15069
10089
14301
16545
12383
10750
15273
16042
19815
11132
10267
17044
18667
19365
13245
14911
13086
11861
18260
12039
13306
11390
19333
14164
19658
11425
14557
19829
18869
11028
18328
10483
15903
11037
12510
16597
19126
14123
12004
13379
13949
18408
12745
18203
10255
16756
10434
10714
11903
11610
16468
15696
12372
18285
13475
18284
19263
18016
16614
10850
11716
15729
18387
10998
19103
16490
14067
10498
16354
18928
12083
15694
11133
13490
18674
10962
10761
18382
18969
18125
12249
16243
17283
16366
17104
10181
17856
19174
13658
18665
13530
17115
13611
14948
13929
17801
16188
18181
16596
17346
12855
10207
14229
10804
17894
14114
18673
12615
15316
18086
17651
11899
10535
10809
13351
11635
16063
12771
12915
15171
14049
11145
19670
18331
14922
14629
10487
10441
10625
18619
19040
13021
12964
10403
16948
10579
12449
18643
14782
13996
10676
11414
12752
13300
19763
12237
16496
13299
15670
14160
16887
12497
18305
17770
13989
12988
10264
10235
14386
16629
17753
18921
17999
10667
11808
14998
15183
14225
15265
19514
17426
15587
11094
16876
15281
19022
10719
18409
15304
19092
16696
11740
13712
19794
12755
10088
18244
15710
15616
19260
11267
12397
17220
19125
16569
13665
13055
10646
19468
14083
12113
19185
14872
16119
16684
19700
10766
12605
15647
19729
15214
16914
13262
11586
13428
15171
16504
16079
17705
17111
17947
16238
17111
14769
17913
11020
15679
11115
19149
15811
17573
13914
19631
18584
15197
13677
14294
18100
11525
18348
14434
13198
11105
11559
14327
10332
15077
15742
18232
19855
14371
16147
17326
10248
11769
16925
15390
13465
17928
15813
14063
13896
18659
19694
13370
18055
10749
19303
10874
12030
11447
17728
13290
18988
12383
13946
17686
19561
12101
19666
15506
13855
12681
14972
11551
14934
14983
15868
11810
10209
13927
14733
18539
18882
19926
12902
18362
10804
15110
13099
19346
14446
13259
18314
15933
19508
10570
12844
16463
12688
10245
10692
16583
13540
17727
16288
13259
11006
14914
12587
18367
10217
11130
11998
17830
13465
15764
16314
12169
18851
12559
12830
16970
15065
18311
15184
17265
10984
19391
19104
18105
14344
17957
15195
14719
14597
15965
13200
19552
11250
19166
14728
10219
10491
15180
14367
11951
19684
19403
12293
10442
11472
10037
15031
16217
16624
18842
14843
19558
17524
17362
12385
15875
12261
19288
11720
14975
12629
18432
11570
14112
18046
18310
11757
13923
11392
13740
19208
18414
12060
17065
13578
14979
16147
11604
18605
18137
13642
12765
11634
11137
17698
12878
10385
12851
11660
19290
13025
13525
15357
16458
14871
11822
13367
11914
12626
17363
14462
12834
14979
17481
13232
14611
16576
14277
12012
15410
10931
18226
13677
10932
16659
17554
13601
11803
10566
18412
12130
11924
10617
19457
17316
19874
11538
15885
11297
17065
15939
12185
12748
15685
14204
19903
12088
16696
17156
16597
15799
13149
16467
14798
11091
16918
19191
15280
12434
17555
14385
17241
17017
10450
11796
19087
17050
17731
14826
17444
13037
19393
12618
18726
13620
14053
18956
17163
14403
18414
18935
15511
10290
12031
17850
19852
13301
19294
10593
17877
10572
13693
14023
10811
15308
10336
19195
12763
16813
11511
15159
17697
14413
16601
11072
13447
14099
12072
18830
14227
15972
19456
14074
17965
15260
19237
19503
12443
19546
16399
10735
14688
10135
19009
11611
11387
16016
14653
12825
14168
14764
10838
14983
12522
15893
14485
14857
18864
18675
12586
11426
14778
18246
10750
16565
14836
10927
18887
13740
14551
12147
13620
16904
12011
18064
15112
10962
18512
15061
11979
14608
12132
19665
11692
16127
19592
15087
15464
12849
15981
19632
15993
15325
18972
16464
13621
18024
13982
13895
11501
19362
19447
10260
13163
15227
16786
17690
16520
11796
18008
14663
16797
15426
14936
18077
17123
19647
17995
11765
19604
11904
19220
19867
11575
15570
13669
10291
11436
15983
15808
15607
15962
12771
12566
16143
16333
14583
12776
12808
13243
16470
13467
15216
12397
14657
17118
14060
10464
18186
10355
15363
18140
12028
13852
18216
11344
11640
15190
16953
13758
14676
11313
13289
13979
11564
14875
13912
18306
13020
19245
14249
15874
19208
10246
19682
16273
12218
18782
11368
11040
10824
17449
14991
19509
14040
15932
17273
16371
17933
14552
16867
12990
18338
12656
13396
17049
10642
18741
10802
15405
16672
12145
18954
13177
17826
11959
10472
18030
13107
17402
18145
12386
10434
15327
11947
17866
19741
14728
13715
15633
16743
15215
11783
13534
16989
16205
17562
15922
10814
16301
10925
14878
11172
17792
11540
12173
17964
19473
18831
19776
14439
12132
14126
12958
13533
14930
14726
14116
14578
17652
11123
17344
13738
13329
15412
13434
14729
18097
11048
12563
19894
10332
11533
17170
15572
19054
18380
10730
19813
12405
16720
19031
14996
10606
10332
19343
12639
14211
16525
19439
12810
17694
15303
12796
15938
10472
16565
18532
10527
12296
13684
14612
16315
17618
11775
10698
18756
14026
14172
12648
17344
13109
11207
14119
17258
18255
11268
11979
11120
12755
15259
11312
15177
13352
12112
12697
12197
18901
14785
19114
11512
11146
13322
12352
15221
14821
13959
19130
18359
17215
11009
15251
10035
13177
11346
12077
11952
10104
19619
13358
10551
18893
16068
12035
19060
11065
17774
16008
16175
19291
18484
19063
18768
18432
11781
18168
17080
16849
17307
11159
12179
13224
19956
19472
17102
12430
17566
19047
15088
15083
13448
18748
10567
19327
16326
19761
11154
10141
11711
11280
11825
10981
15577
17508
15618
14932
13294
18512
18783
17726
14222
12776
12095
12929
15118
12441
14225
10412
13552
13182
17502
12834
15895
19401
11215
11246
13150
12016
12629
10195
11855
10494
11363
14718
16617
12975
18420
16477
15454
18365
17246
13962
19042
12049
10485
12163
10215
12574
12778
10385
10632
10045
16898
13016
17371
18267
17809
16945
13416
11727
16798
11075
12481
15397
15752
17904
10429
10039
19858
14506
12666
18198
15519
10418
19302
16395
19140
12897
17652
17159
11558
15822
14661
10508
12386
17113
10258
18207
18283
10947
16259
15746
19282
15296
14519
16343
17680
12333
12245
18471
14730
19124
12088
13441
11384
18681
19495
12358
10677
16923
10093
12447
11012
19403
15408
11155
11526
12739
16104
12706
13044
19619
18092
15877
10677
12971
18384
13626
17035
14442
14339
14891
18243
14658
12083
16437
18461
17928
17328
17883
12463
12034
14534
16238
19967
14508
18437
17180
19867
10448
15323
19084
17326
13291
10108
12401
11721
19244
19296
11322
18889
18054
19163
16917
16800
17712
13165
10913
19812
18299
12486
17092
13024
10706
18873
12968
14856
19211
19493
17787
12991
13034
19389
14214
16044
10879
18297
10100
10957
14218
15099
13624
13972
19617
14977
19817
11293
17726
11444
18938
14044
16763
17888
17560
10961
11281
10983
11298
11450
12775
11390
14095
11049
17347
15538
12729
11148
16999
15949
16783
14902
15393
16589
13685
11650
15956
13992
15657
12895
10032
14577
10388
13910
15491
13449
10088
16372
11646
10285
14202
19085
14644
13390
19531
15806
18591
13958
17738
11473
11591
18670
14313
10712
12592
10330
14947
15410
14510
12997
14953
11350
11411
10212
14909
17418
12720
12342
10981
14763
15417
11820
11556
17389
15939
13094
12738
10182
17136
17495
14038
15097
12034
11886
12132
11346
15393
13982
14988
10831
16082
16497
10823
15761
18147
16938
16378
11430
16126
19751
16822
13464
10620
12821
15221
15512
13454
10822
12970
10291
17821
13842
13828
14192
17768
10858
13283
13235
13064
14120
11855
16066
10077
12349
15633
17889
16588
17729
19868
17765
18692
14138
11748
10547
10873
11786
16639
13855
16146
16498
17994
19983
11765
10242
14919
12377
17411
13186
12939
16446
16993
16556
12903
14820
12252
19894
10152
17933
16198
15897
11108
11808
17078
10998
17224
16243
19066
10048
16912
18298
14131
19040
14491
17884
10670
10684
11452
14576
18382
13826
19429
17352
15619
19165
16131
11829
14959
10593
15198
12833
15118
13530
18451
13606
12488
19122
14322
16854
13543
15851
19398
16928
10180
18237
10957
16939
13628
15598
17105
19364
19014
12592
17758
13790
11863
17201
14024
10840
19883
11162
15794
17050
18220
12450
17332
11478
14042
19352
18491
11173
16788
10918
14793
19268
13708
19141
13100
16453
16429
14055
10811
13828
13178
14173
15641
12735
13062
11126
19888
15083
13296
19209
17810
15864
17664
17652
17232
18116
14642
15847
16837
19397
16598
19528
18722
18004
17276
18946
11746
16629
13367
18462
14967
10915
17401
10637
12019
10463
13399
16926
16688
10259
13793
11362
17125
11164
15954
13255
11144
19187
19343
19840
17898
14546
19773
10082
11824
13218
15576
16377
13234
15613
11548
11762
16149
19287
10485
16444
18091
15215
18835
18939
18387
10010
12540
13912
11265
19737
11498
10947
17530
14438
16223
15894
13914
16375
18294
19184
12345
19110
16933
13573
12318
19030
17693
17127
18324
15679
15625
15954
10838
12366
14540
15173
13782
13904
16019
15942
13563
14059
16660
10938
14791
11300
19751
10669
15611
17795
18005
18203
11219
13233
17296
10470
17570
12032
17449
10162
18566
19745
15029
13438
19046
12090
14826
15131
12844
17910
11267
14964
19804
15590
18318
15399
18224
10992
16654
14176
19470
13785
19793
12355
19662
18216
16730
11689
19278
13832
17193
13594
15261
11416
17039
15589
11835
19526
15579
10132
15556
17375
13627
15055
17377
10558
10925
14414
19486
17122
14291
13540
17502
12810
13273
12267
19258
15997
18414
15919
19844
14749
18338
14476
18830
10755
15746
16527
19679
17444
19187
16132
13247
12508
16987
17486
16927
18258
12060
14428
18562
16792
11519
19256
19530
10736
12966
18056
14545
14548
10132
17803
16691
15748
14144
13881
14933
10304
13113
15315
17940
11411
11976
19050
12437
16352
16527
13866
16501
11837
10485
19192
18220
14201
12060
13955
17956
17248
16986
15896
18103
17105
18270
12321
17658
10482
19017
19100
10190
19946
13594
15964
12883
17455
14139
12584
11166
15270
13961
11769
18205
11587
16706
13212
10980
16752
10375
13656
15044
14761
18214
17095
18147
13898
14307
11675
18900
19832
10325
18340
10387
14253
11248
19946
10210
12236
12169
18543
17841
11915
15282
12872
17346
10737
16026
17694
18574
13650
10032
11534
12689
19843
17986
19663
18607
16377
13812
14675
15292
18947
12696
17920
11191
12338
19365
11199
16082
15709
13790
19658
12566
10715
11009
13590
14092
13743
14103
18993
13909
17007
14571
14173
14697
17127
12272
12387
11721
13942
17937
18624
13329
16786
14831
11967
11366
10216
12581
13643
10641
16286
15389
14913
10986
15849
18925
18208
17613
17078
15006
19561
15531
15449
10878
10329
11558
15725
10359
11401
13125
13170
17410
13701
16524
18160
18807
14618
18481
15649
11498
11185
14044
18511
11947
17363
10619
11726
19326
14520
12738
12527
11772
11393
14589
10217
15053
12188
17721
18150
16031
19261
19433
19546
19030
19847
13307
18274
11885
14712
17128
15505
19805
10233
14978
13219
19470
14456
19702
15962
12765
11960
19104
12972
19462
11972
14292
13770
10776
19129
11372
11726
11250
16515
18333
11688
14664
16149
17432
19762
10816
12992
19628
15611
13894
14700
11695
10202
19924
10860
18520
14863
10294
12241
12803
10687
10719
12722
11881
10887
10181
13981
16707
12509
12341
15778
11170
18082
12736
12726
10870
12236
18649
11798
19254
13102
14980
13519
15531
13381
18663
13778
13248
11397
16208
12484
10536
18130
13825
19950
13084
12276
17221
11781
18709
11697
18671
18300
18034
16300
12224
15112
19215
14322
14035
17266
15932
11282
13723
10651
16931
18466
14362
10776
12292
15677
13292
10856
16265
11231
13253
18297
19082
10672
13540
11041
10420
14553
13832
13042
15353
14741
19154
11143
19581
18201
13038
14026
14463
16970
17343
17594
13982
13123
11449
10103
15120
17940
10561
14708
10356
15184
12730
16681
15974
19444
16840
17498
12722
11816
19319
18247
15974
16847
15593
10339
11002
16652
13435
12399
15233
10359
19241
18392
13428
19644
15035
13514
13607
14021
13510
11203
11237
12738
10791
16748
16735
13697
11753
10382
16609
13620
10718
15512
11756
17844
11147
15792
17337
12594
11531
18094
17425
17366
11120
17149
14205
10109
18349
11591
15866
13337
16851
10456
19546
14989
18834
13820
15684
13874
13205
11171
17960
15907
16383
16360
18654
13958
16950
18547
12664
11123
11459
14403
14732
14488
17602
18034
13458
14051
12665
11566
12593
19362
19763
11165
14780
14671
11677
10337
15442
11864
12292
14853
14820
19346
18619
11314
14310
14154
12158
14492
19185
14057
16987
16905
13570
16155
13344
17792
15073
18627
19738
17645
15898
12607
13634
18749
14444
11945
10619
11810
16399
19600
14643
13684
17172
10746
17362
11466
18140
14360
12951
13736
17627
16973
15831
10653
13794
14581
12666
10756
10698
11280
16735
13828
10648
16096
12302
15983
15709
12692
18991
15264
18676
10166
11294
13450
19211
16975
16364
12554
13920
14192
14017
12500
10136
18753
16454
19882
11906
12121
11662
16354
13271
14907
13661
19229
18304
13349
14807
16129
19551
19303
10216
10189
16585
11402
12052
12225
14124
11376
11872
11529
14879
16192
12553
17498
15685
13621
17375
10197
16769
16123
12820
19122
13046
15524
13300
15907
13254
18857
10626
18573
17413
13971
18363
11984
15595
12003
11368
11632
11361
12679
13811
15631
11279
17545
14755
12821
17971
15686
18980
13279
17824
16281
12148
11208
16113
12430
13638
19177
11660
11061
17424
16962
10345
14479
11208
17906
11795
10124
16708
10600
16412
16422
19464
13961
10510
14318
14817
19328
15814
15981
17822
14073
15798
14490
18783
17389
15431
10880
12801
10440
12788
17832
11295
19833
10663
12498
15785
15517
13855
14486
19415
11628
13083
18863
19656
11550
19674
18181
16419
16524
16060
12007
13432
10495
15919
17196
17119
12576
14348
17241
16483
12503
12847
14448
19506
13754
16094
14369
16447
13632
17488
17979
18085
19542
18271
13399
17432
15935
10676
15639
16727
16945
18981
19773
17624
15619
13629
10255
11420
11824
12627
16668
17878
17402
11332
14074
15743
18956
16428
14401
15421
15763
12418
13761
14432
12755
19240
19481
19244
16231
17807
19760
12882
13050
16172
18333
16302
12384
12796
16283
12944
12844
14975
13261
10113
16722
19855
10738
17853
17467
12669
10659
15866
16072
11837
13868
11660
17027
13393
14028
18628
14700
17838
14404
10999
16595
10958
16834
13767
10786
16429
14509
19558
11011
12065
12739
11179
14421
13490
14812
18091
13747
18684
13254
17426
17812
14371
10312
15331
11726
10553
15348
12386
10827
12601
10949
17657
10529
11287
14052
19523
17573
19886
13130
17860
16875
14060
17600
11363
12153
14605
10990
15859
17824
15354
15136
14291
14280
18543
18688
16732
18586
17734
19547
19272
17890
14085
17524
13896
13369
15136
10435
17585
18449
16594
14166
17795
16169
16644
14791
13177
17089
19200
18766
12956
10930
17227
15387
15751
12258
19733
14276
18749
12967
16417
19452
11168
12032
12016
10733
11708
16090
18409
12643
18281
12765
16256
10807
19779
12320
19541
15870
13794
12239
15752
15411
11320
13630
11662
15007
19254
17968
19646
10646
14230
17616
12328
16023
16770
13836
13950
19886
13036
11511
15336
10590
12568
10722
15567
17277
14313
11459
17546
19678
19978
19275
16544
11456
13271
16464
10487
15207
15961
15511
18271
10760
16860
18926
17711
12269
17765
12395
17858
13726
11263
16176
11378
16984
18827
13062
11424
11178
14106
19931
14046
17499
15514
13853
11507
18667
14253
13078
14144
18202
18805
17821
18343
10574
14526
15694
16102
19666
17518
11885
17218
19661
15210
14739
18621
19368
12179
13271
16644
18348
18692
14303
17047
10727
11139
13436
14560
10521
18086
15856
18341
10501
13045
10109
12310
15146
15189
10385
19610
17072
12251
10634
18597
15486
15627
16851
13684
14663
16287
12271
18170
10214
11550
13875
17702
11037
16979
17615
12443
15192
14703
14063
13204
18697
19325
15810
11792
17236
15250
12888
18687
12141
14724
12702
11743
13620
14191
16546
18111
16207
17665
15622
17790
13645
19722
15690
11331
13045
17475
10934
16059
11024
10394
14470
14924
17757
19229
15031
19547
18410
10423
16776
14403
15243
10416
11946
12173
17827
14996
14120
11279
13296
12481
13217
15348
13305
15934
12044
10950
19477
18816
18206
14309
14508
10556
14497
19910
11816
13337
15501
13932
12646
19100
18070
13227
15878
16211
18594
16258
12449
18549
10522
15792
13227
15868
11479
14454
16510
13213
10493
13298
18835
18874
12342
10432
10768
14932
17841
11441
17468
11786
16011
15865
12432
18225
16492
14298
11591
11575
18320
18815
14130
18265
14234
15387
15837
13728
18058
10701
10575
12010
16368
17358
15563
19630
14672
10842
16530
15356
12618
18810
19553
17322
12371
18291
17377
11657
19230
19200
19390
12239
13813
13189
16053
19460
10661
15331
10543
17041
19031
12375
12674
19812
17780
15385
12710
12111
17764
16467
15610
16000
11991
18981
19452
10856
15848
18141
15307
11046
17197
14239
19660
16382
18851
13847
14657
10845
14010
15321
15887
18666
18596
13670
12191
13271
13130
16430
17101
13817
10748
16584
16883
16113
17307
10737
15877
19526
14119
10800
15875
19195
13787
15220
12580
13309
14873
11463
18877
18521
11677
14888
11573
12656
11271
10400
15570
12812
11124
12369
17001
18657
17140
15159
14771
15271
13735
11329
18161
17248
14718
17063
16659
15935
16141
14718
17040
14640
10052
10506
11863
12473
11135
11292
13012
16057
16590
18210
13677
19763
13276
16422
12277
19377
15161
19686
12213
11116
18395
15630
12050
17778
10980
12606
11771
16493
18902
11857
12056
17982
10864
19328
15215
15564
19314
19928
18357
13220
16302
13294
11643
15966
18922
14185
17071
12495
10563
12523
16149
19604
10999
17780
17994
10262
10492
19941
12956
12357
10475
14586
10685
13118
16165
12752
15708
15027
14488
17222
18052
12604
14067
15600
11227
15899
12728
17152
14963
15728
11947
14730
15498
17747
16980
15341
11936
17300
16035
12884
13195
14650
11789
14449
16443
10686
13760
17160
14522
16464
10660
16034
16865
16086
17654
14552
15663
11297
14701
18739
16632
17929
18591
12407
11633
18858
13130
15946
18607
15496
19040
13517
12815
19999
17556
13867
12221
13360
19476
18081
18970
10334
14444
13557
18435
10764
13636
17256
17017
18269
12697
12814
10033
11516
10765
15534
11365
10294
15736
16449
17313
18519
15525
11649
18086
18899
10030
15910
11698
19533
18735
10277
16728
10955
14457
11719
12309
13266
14593
19216
16040
16917
17433
14717
13051
17401
12559
19304
12414
13702
11210
14575
10230
12658
14551
16781
12325
16588
15267
16571
13260
19498
10625
10335
12559
17988
13193
10081
13488
16557
18802
17545
14519
13455
19994
14790
18677
12427
17204
17967
11396
17761
19229
13073
13191
14880
19163
12569
19505
16413
11886
19546
16417
14130
14473
11751
17548
10441
11417
11240
14461
19244
12438
16680
10133
14830
11847
14400
12666
19298
14891
11164
14297
13429
18366
16363
18979
13385
19842
13784
10350
15700
12327
13504
10714
16067
18919
12519
10826
13158
15046
18726
19752
17382
14274
16594
13808
15841
17345
14464
13710
19006
13100
12766
19449
11683
14228
19686
13117
10661
10448
15778
10949
14124
16611
11867
17152
13391
13485
15221
13799
15812
14533
17407
12959
18785
12870
13509
19567
18754
18743
16475
16098
15769
19414
12209
13014
13768
10085
10759
12163
19046
16670
16445
13848
14575
18601
15082
12103
15812
12647
19612
16879
14402
16755
16385
16293
19828
16281
13108
16884
15427
13703
16031
14886
14459
16847
18338
16960
13936
10014
13922
14494
18779
16974
10687
11663
16532
14761
15399
13723
13348
12413
17707
18708
15248
19392
14399
12622
14755
14245
16249
15539
11926
15305
18851
13563
10536
11667
15741
19539
14696
14525
16788
13603
18562
16047
17371
13178
11927
15415
14145
10873
17507
19390
11376
17892
11482
17818
17726
10012
17486
12885
17177
12974
15643
14557
19312
14212
12475
13712
13585
18266
14553
18700
19395
13888
18611
10748
18798
11951
13519
18510
11498
14529
14968
12354
12421
17226
12043
14484
10577
18766
15924
11906
14238
14139
14919
15407
11466
10185
16705
19219
16959
15397
18253
12828
15856
18942
16216
18551
12662
17418
15758
15871
18766
11705
13764
16332
15173
10422
13172
10799
18003
10964
18762
14291
13091
13853
11159
12250
12569
11258
15034
16141
10707
15909
19531
15537
18508
12345
13799
18496
16516
18492
18159
11962
13160
11861
11961
19163
11576
11341
12407
11520
11292
12509
14787
18498
12422
11653
13453
19936
19104
11308
14582
11976
15769
17977
16351
19433
14565
10956
19466
14636
14731
19674
11170
15151
15068
15828
18844
10577
18776
15718
15074
11634
15870
17663
14690
13160
12154
19151
15697
16286
15310
18471
10218
14080
18018
15955
18652
19229
15266
10702
10067
11981
17962
19648
14537
11463
17834
17216
18595
13767
19206
15392
13285
15742
11701
16090
15371
14278
14164
19884
16208
17096
14204
17810
19482
12498
19598
15848
18589
12387
17527
14869
16754
14950
15110
12393
18178
10841
10030
16333
16475
19459
13180
15034
17429
19946
16191
12399
16744
14924
15493
11669
19846
13648
11109
16485
10027
15280
12760
13301
13285
12246
18089
14896
13033
18313
17784
10780
15552
15911
10236
16605
17507
12485
13974
11376
10167
16234
19581
18181
11049
17430
14060
11459
12634
12723
19677
11414
19543
16308
16204
14067
10064
13660
10172
13664
15324
10644
17265
12677
19523
13234
14309
13484
17658
10854
15418
14941
12929
19360
12855
16552
14651
18095
16873
12690
18874
19106
10416
19439
18192
15614
13913
16992
14207
11134
12622
11284
16019
10261
13970
19557
10737
17072
15162
15872
17517
17328
11983
14269
14903
16235
18136
19194
12353
14374
10747
15143
10768
10599
11714
19999
13538
12206
16492
19492
19185
19455
11565
13395
19032
13683
19411
17594
18483
15646
15041
10032
18483
13492
11368
12644
14532
17810
11588
15898
14201
14580
15509
17290
10539
15531
13367
10285
17982
19389
15007
15531
19412
16831
14554
11949
17866
16567
10663
11273
14068
19894
10297
16003
11439
16325
19591
17329
13510
13456
18815
16600
14788
10081
19720
11153
15044
12765
12601
12916
18689
12584
17323
16099
15484
10522
17219
18503
16158
17163
17321
19490
16685
14731
18664
16523
17942
17273
18572
11288
13271
17856
12764
15928
15064
19993
18879
19654
12901
14209
12600
16100
10023
19656
16939
12193
11924
14977
12422
10013
10746
12258
10969
14157
11779
12812
19032
18437
13896
13824
16225
17417
13990
10386
14122
10238
16641
18384
16142
16469
14104
19828
13531
16300
18477
13732
14329
10290
17429
12469
11902
17123
17218
15621
17139
11304
11921
10789
13724
16618
15740
13575
19044
15273
16070
16997
14220
17157
18599
13966
15533
18385
12140
15151
16067
13401
10106
18525
10779
10334
17609
16228
10430
14954
17973
18956
19775
14685
10172
18070
13272
10381
19128
10811
17190
10303
14141
14607
10428
17627
16796
12294
17657
10147
18612
11281
17415
18378
10458
16157
14724
16206
10237
16076
12455
16400
12778
15345
18194
11878
15957
18080
13691
12400
10108
15570
12082
15570
13553
17979
14064
10440
15668
10464
17912
11818
10359
17407
19842
13458
17003
17478
10588
18708
12988
16566
11258
17915
11820
15196
16555
12892
13430
12024
16253
10122
18809
15221
16482
15983
19369
19109
10786
19283
12545
14308
17203
18630
19070
15810
11698
14788
14070
14893
10119
11041
13686
17609
10601
17804
11266
14691
15812
11269
12346
15140
19767
19686
15616
18534
17085
15028
17860
19110
13495
12278
14448
18095
15155
13335
13406
19378
10942
17603
10275
17679
16229
16779
13049
17615
18877
17016
11323
16733
18187
17688
11430
15464
15350
12338
19858
12251
19604
13990
10499
12599
17738
14025
17403
16724
15824
11063
13622
11610
11168
13887
18452
19812
19330
10354
19929
19127
15761
12434
16786
14393
14127
16067
14243
15088
13704
13346
10984
10161
16362
13689
10456
14576
19607
10138
18243
10424
15913
16672
18681
19130
10131
12545
18088
10287
16176
10030
19060
16952
11360
12668
10102
16858
11767
12168
17556
13920
14893
13415
12250
14670
16374
18705
11590
19815
16137
14292
18917
11952
15482
14604
15876
16694
10770
12065
10252
15939
11195
13382
11302
18801
17862
16341
16925
17878
18896
14699
12215
15942
10614
12606
16897
10875
17944
14103
19946
14746
18208
17760
13297
16286
11162
11236
12948
14703
14737
15684
15027
16770
10333
15278
16383
18418
13692
12886
14171
16710
17416
18922
16512
17974
18978
16751
16832
13136
13741
14670
17747
11839
15948
11455
16482
12828
11870
19736
12709
19210
18419
19057
11441
13765
17385
18351
18144
11221
10154
15832
10574
11572
10309
12749
12054
10930
11780
16368
13813
14144
18399
16635
19888
16491
