26629
20471
26607
20096
27017
27416
20153
24429
21465
20419
29903
29218
22839
25986
22283
22432
20589
28599
29747
25586
21097
25353
22131
23579
24280
28078
23129
26502
28595
21904
22932
26409
25070
21127
29150
22926
27225
25583
22085
27748
27811
23255
27127
29554
25213
27790
26601
27713
22019
22788
25734
25222
25805
28266
22588
28804
27472
28521
29782
26789
25643
24782
26603
23494
26538
20502
23736
22165
27540
21896
29230
27237
29206
21464
23570
20652
24888
27576
23743
26303
29304
28967
21067
21255
27424
28985
25192
22364
22865
20770
27166
22137
20579
21210
27779
28230
22145
28480
23446
26872
23141
25217
20863
21657
21237
27024
23362
25664
20453
23841
26444
26649
21785
29972
27328
22201
22878
27078
23499
24151
29755
23250
28253
29300
21752
20485
26989
26562
26752
22291
26623
29010
27558
22966
21917
22972
21854
20161
26736
25340
27537
22741
25275
24544
22443
26689
28198
20273
22480
22779
21229
21952
25002
21152
29272
26230
24908
29492
27404
29289
29367
23551
21178
20651
23379
20974
22613
21356
22395
22010
24961
20851
20149
23575
28883
23760
29540
26347
25020
29823
21898
28104
23129
27706
25306
20351
25890
26146
25778
29437
26333
23940
26048
27805
21397
23666
25470
25836
20569
22706
21113
29788
27775
29108
24517
26759
26736
29182
20777
23315
24851
28292
26621
20442
28346
26269
21979
23821
21896
24109
25170
25066
29218
29165
25301
26563
27249
21927
26682
29766
25427
28647
29200
24454
23313
20588
25425
24304
24372
22447
29941
22383
21022
29656
28917
28669
26296
26665
28223
20547
20381
26090
26555
26402
26124
21620
25981
21846
26191
26002
26066
27949
25967
29048
29315
20878
20542
29653
25050
22801
21136
20073
26054
24564
26191
20373
27299
21742
25029
25857
28908
26949
27420
20548
26151
22970
20740
25346
27691
23228
27474
20351
29587
28394
29731
27026
26604
20506
24191
27374
24302
28891
20429
24098
25029
25374
27906
27833
28485
29811
22105
24997
22841
20793
28254
22499
25517
20524
21867
23660
23688
27369
28952
23028
23333
24290
25135
26459
22230
26527
22182
26854
26660
27249
22451
25212
23812
25631
26653
21301
21865
27819
27957
28190
27547
27605
25970
20086
26637
20280
27412
23536
26275
20067
26387
27874
29234
28858
26098
21996
29397
21536
25565
21049
24509
21063
29446
28394
27041
24745
26421
25368
26459
21601
21763
23755
26540
29594
22687
23657
29510
20640
20890
22491
24707
20789
25255
29214
23271
22704
29150
21564
21877
27705
20944
23088
27983
25006
23441
21047
26191
26504
27752
25896
20386
26498
29814
27982
29104
27060
23231
27333
22234
21423
20407
27970
25593
29720
25056
29059
26187
23674
23061
21381
25031
29446
25416
29102
26295
20725
26498
23629
21224
27371
23302
28464
22820
28449
26387
21393
22562
22316
21322
23081
23601
20592
20163
29230
25789
27297
26115
26797
26704
29205
20954
23463
29340
28575
23994
23538
21583
24808
23454
22791
24744
27272
25896
29322
28458
27603
27107
27502
27057
26101
28255
27286
28176
23485
24442
21725
27807
26257
28896
21396
27236
21181
24926
25637
26426
21984
29548
26989
25240
29273
27164
27014
28643
22886
29084
28829
24482
24418
24822
24073
22821
26498
24078
29826
23894
24541
24108
23994
27707
26171
25800
26096
22096
23286
23168
24047
27578
21800
25228
26509
26761
24538
26246
24737
23253
23439
20198
27406
20018
28268
27970
26884
29958
20348
21278
25642
22139
21528
25596
27038
25506
20492
25479
25612
28217
20858
29582
28165
24781
28056
29402
28442
25072
24904
25328
24998
28998
28994
25912
23984
28106
28540
21449
25982
20715
27166
20961
28808
20341
22275
22410
26214
28071
26090
29641
25826
28359
23239
25903
28304
24237
23855
23083
23739
22372
26535
27789
20566
20541
21241
20291
26947
20154
28248
29985
24445
24256
25561
21531
29107
27055
23899
29115
25611
24524
25296
22352
25986
26823
28634
26315
25624
22393
23038
29864
25783
20473
27931
21003
23575
23436
26786
25357
27583
22912
20125
24000
29641
23940
22144
29878
21104
29555
24531
27832
24944
24141
20444
21849
23405
27666
21460
24574
24641
24466
20346
28348
20710
29633
22912
24085
23662
23279
22949
24138
26028
27922
25234
27986
26990
27098
22954
25052
25714
23920
27547
27230
28928
26750
20908
24843
20657
25412
22203
23623
28242
25465
24089
27082
20235
29898
26093
28135
28597
27360
26048
26228
29717
23492
24072
21369
26220
27303
27366
24451
24277
27622
28296
24025
29174
25636
22649
23325
25274
28267
29766
27713
25188
23723
21313
21983
26966
24938
20865
28979
27424
28807
22193
25844
24328
29152
20167
21881
20130
29151
24511
22498
25130
24613
23329
26967
28566
22939
20249
23875
21943
23828
26332
27023
20129
26918
25464
26277
22236
28384
29870
22419
26089
23245
20577
22381
27233
22622
26188
21427
25848
25532
22191
21826
22679
22915
22128
23342
28148
27553
21459
29470
27203
27299
24706
24778
26113
20597
26552
22924
26419
22669
27985
21971
25579
27939
29265
23470
23439
29269
22545
24455
28593
27409
28294
26958
28971
24703
21330
27960
26508
25528
24234
23784
26646
22204
28178
26868
29592
29206
23824
29554
21752
20363
27795
29112
22558
23450
23489
20535
24043
24075
28493
28829
27931
26091
24712
20489
27768
28902
21464
24651
21666
22972
26277
28003
24608
23598
22872
23969
27937
29611
20921
25899
27663
28012
27573
26026
22497
27782
26435
26847
27173
26098
25739
29191
26537
28008
23756
21768
21116
26265
26170
20262
25456
21447
27082
20124
26371
23782
22599
26159
29444
27127
23552
23718
28587
22474
21763
20845
25311
23031
22537
28084
21438
25433
24539
22834
21456
21990
27073
28077
28420
26966
23935
21147
20409
25874
22469
26769
22860
20513
26214
20040
25845
24040
29654
29240
24292
29763
23950
25393
23496
24540
23266
25386
21876
22680
22307
28074
27860
29038
27058
28319
28016
20688
22318
22162
29141
24930
21633
27484
27836
27721
27466
28356
27318
20636
22063
28084
22698
26377
22349
25433
22760
22548
25421
20909
28400
20900
24717
25113
25310
24602
20776
29190
21241
29209
24678
28163
26239
23950
26677
21553
27600
28717
27353
22110
29997
28722
23676
22697
25204
23147
27772
23410
25162
26338
21922
25889
26745
20084
29304
29412
26515
23355
26375
23872
29009
21493
29405
27993
22640
20329
24658
27299
23184
21912
28976
25189
25980
27657
25118
22286
24505
21565
24117
23693
24742
20887
25099
21189
21915
24113
21572
27561
28591
26469
22000
23204
20879
21273
21646
20985
22523
21418
22128
23894
25051
29022
24890
21477
25841
22871
24911
25248
24920
22628
21339
20321
25659
26023
22484
20366
24132
20221
23594
25643
26823
21393
27213
29371
26632
27144
27536
25946
22685
24927
22172
25663
20294
25789
26963
24476
23640
26896
22136
24100
25207
28174
20934
27249
22825
28065
25102
25217
27283
20958
25117
20110
20920
24121
26906
22082
20339
25146
20925
22662
24436
21829
23952
28894
22330
25188
28722
29428
24429
22889
21600
22913
23893
24720
23912
21089
25041
23984
28261
23844
29865
28653
27166
21147
23782
23977
27720
27255
26934
23856
22604
25883
27975
21751
24745
21141
23098
23143
20214
27931
24266
20655
21505
27244
27091
29800
21281
26354
20627
28045
24844
21208
28435
22378
28144
28545
22753
20883
26957
28192
21290
21976
22041
21821
29280
20884
24489
23034
27759
26738
25352
25056
22723
25178
23609
26566
28824
20802
27021
23204
25563
20962
21101
22183
23556
27408
22441
20065
23385
25138
24000
29269
29786
28415
21600
27147
29491
22380
22817
22583
21890
24932
21777
28975
27896
27640
25897
29200
23847
26308
23566
27691
24120
21548
24938
27115
28242
27188
21533
22311
25694
29692
24226
22111
24384
24885
23277
20479
26794
29249
28605
21985
21183
21771
23203
23069
23915
28953
27743
29747
22969
29929
29781
24500
21997
20863
26708
29882
28912
27792
27590
24101
22926
24921
25422
24279
29198
20983
27926
26380
20808
29763
22009
26933
23640
22097
24277
20554
20952
25778
27578
29021
20878
26646
21439
22197
21953
28867
22504
28443
28829
24889
29573
22331
22808
25905
26707
20445
29566
21782
26986
21852
29466
25358
29005
28420
24275
29770
27930
21601
27733
29056
23058
26477
26457
21645
24203
20967
21943
23569
29949
27900
24052
23202
21844
20347
21317
22200
29937
26082
23626
27917
26711
25329
28405
21030
28434
27047
22305
28372
25229
22949
26547
25028
23725
25146
25615
21657
29100
22866
25755
22678
26485
26054
21885
28476
25265
28813
28933
20116
23632
23638
26384
28173
24898
28172
22846
28237
21541
29827
20853
24422
27732
20030
20756
28765
26176
29066
26600
28796
20505
24560
26141
27753
20170
21461
21818
21937
20806
29083
29402
27492
29386
21222
26289
24576
20117
28663
21981
20302
24015
29498
29142
23095
22344
21586
24805
20192
21731
23212
27829
26892
26615
22569
20454
20853
22960
23988
28981
27256
25643
29066
20993
20967
20783
23784
24304
29975
23438
28498
25859
20308
20530
26323
27192
26424
28667
26786
26730
22612
26595
25930
28205
20339
22429
21015
28782
23689
26509
27871
20085
20012
21765
21599
20262
25765
24816
26797
25480
28137
22659
21784
24767
21505
21790
22398
23022
24025
28852
24851
23169
23731
24526
23867
29942
25422
25227
21862
24585
29273
20453
27271
21876
29656
27078
25313
28309
27959
25800
22440
23024
26328
29037
26529
21117
20206
24064
28462
22338
26298
29960
27165
26873
29187
22001
29402
23887
24162
22549
27662
27825
26067
23205
24331
22075
23970
29006
28004
29536
29255
21791
28278
24877
20407
26512
28640
23833
21186
21231
23201
20741
20151
28806
21903
26713
28573
25882
20580
27341
20650
22670
26798
20606
24637
25246
29729
22834
26036
20598
22501
22912
24264
23499
28442
22783
22409
23442
28414
25232
25588
29320
25054
28415
27204
29319
21141
20194
23962
23581
23542
24382
29888
27584
21232
25305
26802
24914
25743
26672
23694
29127
25037
25729
20277
25705
27315
23859
20635
26824
29535
20410
21318
23551
26522
27333
24507
22396
20485
28459
20931
25730
27457
28689
29124
28478
26744
25209
27282
26697
21799
24935
21507
27197
26115
29860
29542
21179
25711
24674
22241
29031
20567
29127
25950
27878
20973
20945
27750
28249
21180
23803
22091
21339
21953
28861
21693
23713
25678
27647
27851
22021
22532
28731
25221
26346
23881
20524
24037
27093
29556
27815
28324
27033
28946
20194
22121
27023
21947
26383
26981
21265
24737
29683
23108
25472
27051
26241
23351
29301
22188
29630
23988
22545
28343
22387
28734
23147
29990
27541
22748
23940
21072
20961
21510
24127
27478
28352
25436
21028
24968
29153
24810
27357
20050
23224
21232
29404
25593
25238
21117
21886
29980
25981
24023
25949
28451
29391
23552
27817
27977
29097
21443
26947
22455
28457
26044
24172
23331
23663
24866
22286
21845
20337
27130
23818
23010
20233
26318
23293
28176
26151
24608
24219
22556
29969
20793
24227
26458
20840
20757
25313
24125
27996
24948
29993
22061
25384
20375
28307
29528
23391
25651
25088
27482
26286
26328
21674
28634
22707
24355
21342
20585
20487
29877
23138
25961
26449
25789
24476
28398
26389
25468
28942
20833
20428
21922
22024
23084
24135
22245
24189
28945
26389
24696
27661
29182
20819
26995
20537
25675
28840
23491
29471
23719
28788
25753
20047
24022
27492
25807
22189
23295
27696
23800
26461
22491
27223
22131
25970
24741
23480
26278
27715
20800
29980
28475
26711
28458
29921
24140
25961
23747
25539
22557
25475
26031
20952
22677
23896
26099
20523
22100
27045
26224
24372
22337
28683
23841
27614
26227
20161
25949
20147
24068
27255
29650
29348
23431
24463
25333
28939
23906
29292
22939
23427
22092
21695
28452
29051
24040
26656
27321
28953
22025
21200
23862
22425
20083
20577
20851
25495
28020
22241
21513
22887
26764
20378
26888
29417
28874
28201
25155
22281
26778
20025
25941
24360
27872
20185
21827
22660
20023
21301
21339
25315
23196
20078
22550
25209
22934
24875
24084
28182
29254
25588
20802
29052
20160
23079
24730
29237
22385
22312
27894
25609
23301
20653
22655
21428
26929
20373
26845
26674
23932
22281
25562
26900
20135
25663
28845
26873
20634
28174
24565
27670
26886
28226
28932
23663
22284
21513
22716
28872
27714
22824
29959
20542
22289
24028
27323
21474
26084
29232
26470
21634
21036
28510
28907
23890
23419
22288
22578
28305
26246
29539
22153
24399
22854
24241
20449
20984
23484
26217
26700
28782
25179
24449
28495
21851
21539
23204
28137
20095
22965
23945
20877
26547
29910
28834
22040
29992
21334
24927
22414
25580
28106
21607
26407
23505
26359
27701
25511
28596
29016
28844
20346
21706
24571
20122
28197
27154
21044
23802
29366
29160
29541
27067
24876
24207
26263
20017
20121
25576
24025
29988
23903
20910
24291
24191
29958
23587
28640
29069
28568
23964
24132
21389
29122
27052
20549
23044
20612
29116
28707
28855
25970
26813
28136
24197
27852
29021
29288
27217
28049
23308
20142
28601
20041
26088
29582
20383
24376
27965
20244
24120
29544
23515
21671
27915
26792
27777
20545
21223
25948
20146
28551
26164
20721
29986
29966
24139
26189
27329
20490
26962
28204
26283
25998
22410
24324
28436
24925
25159
28541
28437
20808
25356
27520
24208
22140
28787
24415
29774
25163
24513
27379
29591
21436
28153
23824
29410
26157
21573
28209
20226
25028
22633
20693
28662
27211
21866
26308
29254
29395
26479
29510
21541
21328
25922
26912
27606
26310
27397
21833
23756
21075
24156
27855
23440
28268
24221
25030
27122
21272
22215
21595
28886
25553
22441
26094
28807
22862
27014
29662
24765
24659
28894
25887
27316
28942
26024
26157
26447
20297
29392
21670
29642
26430
24826
29404
26514
25714
25596
28265
26475
29338
20487
23333
22382
28545
29903
20700
24913
22138
20787
22724
29565
21936
29647
23694
20559
24198
21843
28894
23721
23155
24405
25823
23439
28747
29164
24941
27167
24415
22690
28739
24651
22370
29684
22134
28010
23153
26824
24263
23148
23491
24798
21563
22566
21467
27281
24737
24585
20833
26951
27643
24236
26959
20283
24460
26630
25317
24824
22576
24484
29697
24948
22571
27665
21396
24637
23372
24110
22528
28773
20237
28282
26280
27627
25532
25449
24468
22735
27479
27491
28049
26230
29988
28694
29399
29812
27508
28058
26108
24012
22418
27977
24787
23208
28907
27882
29985
26879
26513
25389
27667
23063
28523
26824
24927
25615
25322
23605
27603
22954
20403
20908
25286
22284
27259
20264
28862
29950
28653
28308
29158
25528
25882
29779
26523
24546
24540
24019
20268
22314
25046
20744
23746
29230
20715
22658
25565
26157
23525
29587
29938
26990
27889
21271
29499
24356
25713
23650
22024
23555
21832
26595
28481
29305
27498
29349
23567
29641
21026
23662
21469
21381
28917
23583
28962
22007
27840
25176
25187
23485
27686
29056
22411
24606
28577
23568
24934
29747
20218
26669
23934
23610
20226
20149
24465
23453
29216
20662
27122
22616
24306
28272
20923
21720
29459
24648
25866
26811
20609
29915
23302
26970
25860
29227
29789
27379
26238
27607
25402
27728
20430
24320
20607
29954
27757
26096
26773
23796
27213
21910
24138
23402
26824
20692
27610
23337
26823
27337
25205
27713
22151
21690
26078
21904
24671
29817
25137
22304
23144
26774
29054
25958
29479
25354
24107
28513
23077
25846
29745
25919
21196
27698
23031
22585
22148
25165
28173
26274
29914
25524
22259
27922
23267
20226
22999
22795
29866
26494
26775
27896
25937
29291
25659
29401
25148
21351
20138
23023
26069
21978
20294
29703
26217
23741
21893
28762
22086
29834
25448
20770
28814
23888
25678
22759
20169
28301
26009
29158
29375
26820
27744
22798
23998
21979
26375
21739
23557
28291
28130
29261
26836
27623
28310
26368
26972
24063
29206
28394
26307
21761
29487
29930
29724
20726
28820
25142
24724
22371
21170
23806
28861
28704
27770
26878
20314
26514
26029
29291
25342
20623
23829
21778
27196
28348
29561
28016
24610
20692
27053
28159
24461
24427
21086
24891
22387
23283
23589
23558
27201
25711
22805
23639
29787
21345
27722
24838
24850
28191
27891
27429
24339
27841
24383
23118
24678
26546
21090
29669
26040
25860
26833
29807
20795
27753
27805
22486
20026
25571
26773
22544
21512
24050
20152
22937
29961
28679
26582
22315
20418
27178
20948
29490
28763
23555
25930
25555
29015
28313
29118
23814
25739
26698
27474
27513
21277
20599
22501
25414
21770
28692
28883
25666
22959
23701
26516
29152
26603
25331
20902
24483
21043
22282
29678
28198
24891
27064
23686
25319
21138
22839
29444
27440
20056
22431
26143
27730
23209
25782
24348
24900
27591
23657
25490
20999
28476
22200
20914
21195
21895
25055
26768
27162
22838
27206
26332
29574
23247
27425
24536
29322
24670
24290
20345
21578
24020
24083
21463
21542
27352
27579
22362
25867
25732
26714
21060
29102
29373
21439
22233
20232
21039
21689
24266
20416
27365
29307
25701
29356
27277
20030
22115
24390
29920
26193
27976
23349
20647
26666
29222
29518
22542
21744
21430
24598
22639
27166
25299
23497
26583
23302
25872
22970
22814
22597
24442
24657
27512
20859
22397
21916
24536
25675
24404
28988
20378
28321
24271
20499
22745
23882
20588
29067
22809
28010
20833
28904
25395
27697
21982
23652
28402
27799
22899
27453
22637
24617
28765
29252
25858
22810
20628
21670
20367
22134
23812
27453
21711
26079
27343
28439
27223
25319
22824
24290
26998
25105
25273
20790
26649
27187
20298
20453
20737
23698
21699
21350
28110
22510
21090
23624
25543
21044
26470
27002
24082
28230
29767
26718
23250
22386
24385
29792
21896
26148
22495
28331
20886
28259
28396
21619
22049
26045
28686
24188
29848
21667
22122
22744
27086
29907
22124
20857
23636
25140
22645
26673
27649
20408
23800
25543
21994
22064
27071
26430
24791
29319
21186
28238
21802
29215
28820
29781
20173
24021
21170
25023
27591
29901
22139
23430
28221
22755
26384
23796
27007
29630
25798
28741
26865
21806
27139
26244
29095
28716
29453
24014
25957
20264
23713
22309
25748
28736
28657
20856
24963
20535
26201
25978
29166
22261
26987
24699
24030
25264
21662
23656
20692
27763
26267
21978
25045
23830
20791
28919
28860
24118
28366
29037
21768
24085
28836
29947
27014
21617
24543
20284
20651
27496
27990
28413
23358
28907
20822
25631
26448
28357
20990
21120
28768
27760
20364
29779
29201
20223
28136
28179
20238
20100
26324
28367
21729
25259
22474
24018
20302
24198
21159
28525
29197
24626
20354
29998
25282
29435
20868
23888
24880
20613
27099
29946
27715
21575
25148
26589
28722
23642
20006
22377
20821
22932
26926
21282
27789
29832
23412
25699
25342
24365
27259
28732
20218
27280
23043
25197
21626
28509
24070
29004
26766
21719
29385
23071
22291
26159
25700
26809
26559
24722
22282
25332
23331
20206
22750
24019
26139
20118
21520
21836
24010
24068
24196
26911
23417
26772
20588
28245
28398
23999
26242
28175
20630
28414
23370
21211
23898
27213
24898
26218
22904
23659
25978
20562
24621
20226
25757
26806
21526
21893
28466
24792
29952
24327
26944
24591
23519
23193
23633
28625
21168
27610
23717
24550
21639
22938
22667
23967
21453
25453
25695
25885
21372
24272
29828
28013
27164
23887
20192
23410
24054
24095
20921
24807
20697
22745
27627
23988
27702
20736
22773
29050
27812
28025
27500
28025
29664
23976
23440
23430
24756
25368
25892
28590
27684
20582
25374
23282
23050
29064
27980
23178
28496
21022
26283
24847
22282
23510
21542
25673
25525
25519
24896
25937
23756
26533
29916
28529
29829
20111
21369
20280
20357
26479
25414
27735
20848
25883
24556
29352
20480
27495
26634
25572
26095
27026
20882
27959
26368
29915
25684
28734
21364
25903
22017
22389
29724
25167
23761
21820
25574
25766
21112
22395
29932
27099
26084
28762
26839
24312
29800
20817
22757
24165
29648
27216
28875
23714
20694
27126
29858
29361
29777
23447
29340
25319
22615
23674
21974
27336
23954
27772
24208
29654
28269
25948
21144
20595
23903
23072
24783
24924
26601
20610
29785
29195
29400
21433
26446
29642
24557
27615
27018
20869
29790
26438
20754
27588
25478
25199
25052
20965
21683
21168
24969
25725
23844
29018
21016
24143
23820
24435
25637
28260
28618
29234
22060
22220
22555
20289
25310
22514
29882
21839
24098
25087
23970
28352
24016
24744
26030
22994
27029
24124
21063
24993
29577
26610
21207
27687
21803
29995
27009
27910
23374
25427
25255
26490
27164
29278
27961
29134
20670
23879
20865
26704
26446
26807
21364
24017
27078
27355
25179
26687
27247
23165
28277
26221
25291
29576
25559
24649
29354
29230
20647
21260
28658
29662
21756
25702
28761
22195
27052
23640
20733
26328
29202
23463
28133
29965
22847
25111
22366
27347
20649
24982
26564
23358
23234
24107
20469
24964
25892
20307
23987
28022
20187
28870
25033
20409
21786
20451
28089
20470
26748
29343
23520
23193
27298
20073
24067
25158
24644
25328
24210
23325
20821
23642
20097
22026
23717
20980
22621
27142
29456
26383
23858
26394
24133
28160
27599
29889
22523
23799
27957
25655
24856
23688
26171
20740
23987
26047
24615
29652
24356
28043
28776
28396
21066
25962
22470
24175
22030
25534
28969
27952
28719
22018
20826
29480
21316
28501
24197
22176
22245
20020
29235
28247
27969
20565
26751
22871
22736
29805
22723
29889
29489
26478
26500
20489
22591
25751
25550
20635
24155
28616
29500
22655
20828
22377
28826
21285
20670
22634
29089
24763
20418
28828
29853
27067
21868
27350
28559
28319
22365
28531
23532
26502
28474
26371
27016
25183
23769
22810
28700
28692
21396
21519
22525
28379
29578
29750
24736
20944
23508
20584
29141
22640
20283
22105
26290
21148
24418
24452
26933
20345
20258
20525
26499
21820
24198
21139
26592
21022
23980
20909
21518
25222
24534
26775
22734
25068
29868
27160
21747
21483
28294
26076
22503
24864
23946
23129
27575
24118
20976
27348
28556
28937
28072
20055
20016
29878
20024
29543
28056
27343
29951
28268
29082
22326
20474
21440
21757
28928
24670
24461
25232
21077
27923
25451
29792
23631
29963
28305
21771
21087
22286
21124
23265
25504
29956
24714
28531
28930
28321
25859
23233
24595
24591
20533
29695
25466
21398
22894
21212
28371
24486
26946
21117
26810
29494
29083
27773
25849
23430
21390
24981
28027
24880
27521
28353
20078
23259
25271
22162
26459
21485
22538
27874
27162
28329
26256
25128
24100
26413
27123
28273
22471
29316
26449
26745
20937
26583
25294
25541
27209
28569
20226
22833
23663
23978
24471
25383
21005
21747
28025
28823
26680
25469
25376
29088
28686
22954
24872
23366
24814
25705
29515
23715
21901
23118
24947
24251
29642
24025
26770
23201
28760
23819
25964
24477
23853
28892
28141
29488
27151
21311
29659
28835
20559
25806
21178
25274
29889
27951
27181
23849
26960
27184
28151
22480
22386
20773
20667
26428
24297
25181
29478
23052
25978
29422
24793
29082
28477
20921
27473
21180
22588
28185
24592
22055
28315
26132
27928
28551
28895
29339
28322
25221
20789
25641
29594
26729
20652
27544
26686
25096
25222
21721
24082
23269
20339
27508
22174
24825
20815
23757
21224
20657
23803
29655
24835
27486
24436
29217
27447
29692
24052
21010
23255
25568
28086
24392
27181
21399
22866
21043
22035
21972
27948
25894
29856
24081
23393
24690
29560
20389
29440
26380
27509
24610
29386
27274
22343
25401
25184
20485
20568
25555
29255
28565
24738
25168
25305
29432
21816
22260
25593
25693
25307
22042
21972
25307
21104
26457
23336
27144
23633
28956
22597
28463
25842
25528
22232
22574
23869
21961
28607
24043
24796
29014
21767
25656
23805
21731
29204
26086
25255
26473
29233
29689
20752
29422
22020
20197
26075
23284
24081
28203
28025
24702
25090
28269
21672
23506
24238
25280
28315
26335
27049
21205
24477
21391
22544
22818
22745
28146
24980
28156
25905
25644
23977
24462
26889
25736
21806
23212
28379
23051
26830
28441
27551
21788
27665
23052
23434
20552
23499
24021
26590
20317
22158
21517
23461
27386
29053
28811
20583
22721
26900
29575
27110
21383
28249
26643
27606
20981
20291
21678
20899
26029
24147
28264
24939
25859
28900
21962
22079
27392
24005
29545
23962
20449
22397
26282
20273
22513
20599
24457
21053
21934
21444
28554
27941
23359
29655
22525
25762
26896
20443
22381
22214
22955
26532
22995
20052
28032
29580
21436
23123
22778
27839
20429
24907
22634
23055
24588
25773
23026
26143
28978
23083
25669
22930
24238
26492
29858
28430
25025
29292
22830
20498
28842
25511
26211
21489
20462
21624
21398
29593
23108
21184
25294
29876
21296
20471
29262
28756
21831
23326
28356
24627
28832
23767
24967
21657
25848
25667
20840
23387
23147
29812
24117
27718
21088
29999
23508
25104
21090
21482
20007
27307
24205
27025
27662
24977
23525
28115
28825
28464
20741
21468
26039
27797
29055
23850
22266
24535
24338
21472
23492
20359
23948
23720
22937
24652
27933
24831
24065
26110
20484
21281
20372
21457
20444
27093
23552
27688
28462
24075
28036
23002
24907
29071
29148
25520
27095
25702
24148
28221
26545
23806
20289
23154
26996
25800
21691
27895
21749
25514
27292
22468
24518
21726
25454
25530
21442
25561
26883
24436
23140
28211
26450
25054
24803
23007
26226
23614
29150
23796
26579
24753
21835
29753
29550
26996
21337
25328
28869
29348
25743
22828
23974
20431
26927
24305
21162
24650
28605
28871
23635
28231
28484
21362
23583
21679
26313
28319
23718
24163
29009
27691
22659
29687
21257
29370
28491
24475
24955
24672
27417
29980
23732
24244
29947
26122
29387
25515
25345
24962
25536
22771
26152
25855
20028
25202
28531
29317
21757
20881
20900
28345
29388
27507
22860
22729
29195
23984
28786
23994
26736
20397
25608
26083
22420
27833
22286
29603
24112
23595
29286
25520
20935
21861
29950
27567
21127
24591
22085
21303
23417
22569
27313
21751
25767
21905
27775
20873
27511
26976
24622
20714
20934
26871
20411
28034
26171
28691
27983
21448
28934
27746
21699
22664
23995
21629
23026
29296
28670
22426
21358
27874
29558
28926
22695
22208
22730
28563
23359
24032
22206
27077
23254
20006
24126
22363
23360
21559
24288
27848
25127
21818
24896
29869
25217
26914
22306
22994
27660
27338
21293
27001
26898
28680
22961
29324
29410
20100
22799
27157
28675
23176
22560
24155
28064
23395
24685
27651
28922
21486
20782
23687
26591
22028
26338
28786
25392
22348
22255
29348
24725
25558
20092
21856
22310
27794
21941
29637
27383
21194
27778
24842
26138
20963
22790
27511
24117
27006
24733
27124
25369
28007
26655
25862
26208
28625
23485
26975
22188
28491
21925
26098
20491
25082
21835
28129
26373
21220
23877
27399
21527
21958
22585
24222
24258
24880
26197
26667
26218
22515
24613
22388
28142
25441
24669
21708
27457
29956
27534
29793
23973
24698
26497
22702
25935
26494
24676
29416
27660
26903
21236
29479
21681
27386
21595
23840
22883
22872
21815
24655
29466
20592
29843
28362
25728
23489
26626
25164
24643
25241
28243
27206
24013
27036
26148
27216
28545
24540
26368
29116
21660
27242
20097
22237
25036
21319
27472
21145
20949
21476
23566
23812
22315
26854
20587
21893
28020
20997
23141
28182
26577
26148
24021
28020
29470
27676
26454
23331
26628
25317
24974
20294
20392
24096
21179
24200
21069
29268
22513
27979
26716
26464
21907
24070
22127
20307
23613
22848
27194
22216
25917
24651
22759
20862
24510
26607
22892
26769
21291
29915
26117
25977
22082
28024
24528
26295
23365
21219
28975
23736
22481
28552
20518
25967
27978
23744
23230
24293
26756
27725
21073
25559
22522
26805
22062
20658
25680
22134
26210
26839
28231
23056
29874
26917
28517
24253
28012
29651
29726
24143
27598
22040
22947
29922
20006
26119
20261
22829
27475
29943
25884
25756
29000
24863
23665
24146
23909
28976
27411
20293
27229
29660
26447
20601
29503
26485
22554
25147
25175
29465
26051
28978
27863
26632
28123
24969
27890
29185
23720
28783
27292
22119
24358
27505
20202
23146
22967
24854
21959
22988
23585
27527
28626
25649
27111
29195
29650
28170
20630
20947
20359
25541
21866
29559
27706
27926
22206
27882
22185
24200
21459
24826
21248
27862
24995
25978
24664
28872
29243
29707
20285
27677
24669
27760
29442
25743
26294
23827
24814
20304
20560
28322
20036
29690
23965
22712
29508
29614
23210
22129
28956
20102
28868
20725
22101
27342
24533
20223
26498
24707
21271
28496
22059
22402
22811
21626
29074
25789
20368
29868
28653
28255
27246
25226
27422
25745
22431
25920
20027
26493
29308
20941
27559
21367
20277
26090
27359
27303
20593
21435
29808
28777
25071
28940
20730
29977
29418
28196
23773
23425
23908
27611
25790
29129
20890
28246
29603
22069
29165
27493
22825
24784
27668
20286
28388
26143
28102
26159
22335
27010
21140
21557
27062
28432
23682
28105
23709
28238
25252
29207
25639
27469
20086
29316
26117
28962
27713
22458
27148
26564
28909
29229
23206
24958
25791
24353
23118
26887
24499
20096
25705
26696
26447
24388
29963
26504
29431
26314
28549
24117
23014
25794
24108
29800
23578
28747
21608
22423
23158
23782
26232
24181
22773
21585
25643
27053
25349
23527
27450
23498
25514
21776
27565
28513
23561
29182
22813
20067
28715
23570
21626
20218
22432
27711
29955
29744
25963
23212
25620
25007
27613
23834
23255
26931
24259
21337
23712
28501
28525
24867
26353
28951
27731
23080
29986
29975
23261
26754
28387
21695
29273
28468
29324
23883
27851
25067
21781
20962
23618
28112
24702
27733
24615
27278
21958
26393
27788
21752
22522
24450
26845
25087
21811
27434
27425
29683
20071
29906
29524
28083
26300
23225
29964
29612
21711
28766
28317
22549
25013
20827
28128
23972
22900
24343
21571
21684
23047
28723
29722
25250
23648
20583
22525
26031
23065
24982
22212
29348
25513
26889
21485
25415
23877
22012
23038
29530
28726
28911
20169
26156
23393
22317
29176
25988
28566
20998
22963
29876
26307
22170
21895
28573
22562
28442
22299
22657
29357
22611
25196
22715
22648
20212
27904
25867
29518
29695
28914
21092
28858
25317
22126
22422
22974
28396
29953
26067
23665
28476
26067
24789
25225
27076
27633
20447
28565
23251
23764
23510
25177
21952
21626
26592
27019
23316
24127
27531
28576
23453
23458
26425
20328
25011
22872
20147
28618
28897
25051
27367
25576
26866
29164
26824
24107
28394
20281
21752
27219
24238
24216
23702
28005
23388
28040
29747
26423
29742
21548
28077
21718
29763
27754
28327
24769
22627
21146
24628
22983
29912
20867
21338
21408
22771
22251
23694
27699
20694
24232
28187
25277
27456
21986
20393
28553
26688
23917
21199
26477
21576
29570
25856
25795
20664
20381
24189
23413
24469
28333
24381
28023
25670
28502
27266
24796
29002
20257
22789
23304
25672
28446
25434
28115
21106
20280
20768
23513
24142
25832
21008
28666
20402
20074
23505
27218
22514
22188
22402
25765
25091
23545
20378
28980
22928
29164
24308
25218
26773
28754
26019
25403
22164
22481
26826
29666
23362
23516
22514
20800
26193
24100
23568
20908
20742
24378
24047
27817
27252
23573
21282
20793
26364
21214
27767
20876
27853
22064
26040
29793
20404
22169
27173
22771
28650
25015
23514
24849
22686
26162
26799
27294
29577
21929
23394
20602
26010
22697
29499
23220
26154
24251
20480
20601
29052
21179
20107
27512
25405
24820
27493
27593
24512
24499
21771
28102
28269
24872
27129
24503
20660
24075
23754
29089
27952
27071
23417
20195
26953
26112
21975
23714
26097
25537
24901
26617
26881
21274
26093
22958
21225
26356
24695
26448
23713
22523
29419
20122
26325
24551
24953
22816
27300
28337
20447
24231
25037
25973
25775
25226
22604
21030
27285
27619
28316
25116
21117
28274
23114
22413
28786
25548
26019
22303
26715
22252
24818
21516
28660
28212
20300
26243
27580
27257
28882
21593
21364
27966
20245
20425
25101
24895
23725
26145
21044
27156
29665
24323
26288
24187
29623
26183
27341
24377
22442
22899
20198
20770
21528
23459
24330
29524
22358
20368
29086
21010
28265
26890
21385
20483
26818
26712
24316
25112
28758
21903
27271
26816
26376
27914
29573
25841
28457
24926
21237
28291
24481
23388
26414
21947
21635
27754
27409
28605
24364
26588
29694
27904
27712
29017
21267
27160
22463
27263
22921
24054
22268
22468
29496
24228
20319
26342
26050
23766
25921
24334
27001
27382
29345
26923
20791
26710
26716
24439
27377
29511
25386
27343
20939
29846
24209
28336
25619
21304
22484
24805
27783
20227
25894
20176
24362
23532
27763
20537
23127
26226
29144
28529
27442
26986
21843
29965
24963
26279
24333
29894
27066
20428
21706
23870
23335
26748
27296
27129
23381
29400
25419
29009
26435
23016
21793
22509
27729
21241
20633
29176
29464
20394
25151
27656
23376
24172
21275
20184
21305
23969
22727
25062
20013
20794
29333
24730
26540
28965
29378
28427
20803
28852
21173
25642
22859
25745
28592
21547
23276
24618
20274
28461
26386
26038
22439
27971
27858
26739
20812
26857
29978
29504
28019
26157
20317
20912
29011
26834
22023
22223
28558
27356
26923
28228
21657
28218
25778
21235
29829
25941
23606
22541
23705
24393
21797
21701
25044
24427
22904
24710
29385
23773
28469
25815
23904
27879
24986
24075
23728
28969
28229
25052
23953
24967
21547
20004
23917
22149
29452
29858
24905
25368
23851
28871
22384
27550
26599
23380
29117
25761
28728
24326
26065
24628
23632
28353
23850
29125
28799
21184
28725
27820
28247
28716
23515
24581
25726
25807
25772
21393
26965
20093
22531
27498
27771
28325
23467
20358
23609
25715
21996
22084
25464
24538
26953
20931
26227
26892
25796
21202
21652
27862
24010
26501
29974
29645
24358
20623
24734
24163
23948
27606
26015
21587
26673
27456
26362
24843
23563
26872
28972
25661
23776
24970
27396
26005
24560
22398
27965
29838
29348
28543
28414
24080
29362
25574
28782
24369
25580
29960
23550
20737
24713
21794
27209
20707
24998
29784
28957
22455
25000
25046
26076
28679
21385
20040
29689
22586
29695
29859
21046
21034
25474
21917
21284
26274
21846
26581
22682
26948
23579
25739
24831
21079
27013
28459
24851
28598
29829
22905
26830
28655
24581
21512
21975
27411
25153
22052
27616
25331
25848
20655
20200
29069
28707
24143
24638
21961
25819
28063
29995
28902
29885
23728
29395
25867
28105
22254
20233
21743
21581
26087
29302
20265
24845
28855
26296
22863
27883
22490
28284
28984
26075
26536
27231
29080
21838
28300
22389
26862
25442
24089
29512
21645
21471
21149
29199
28654
21690
27129
27429
25013
24719
28902
22339
21809
27827
25385
22660
28091
26429
29650
24867
20966
22384
24066
28053
27064
23112
28446
27836
24519
29688
25283
23163
21416
23586
28019
22815
26108
28554
27987
21582
27231
26197
23194
29661
26379
21318
27417
22600
24375
25764
21230
23331
22879
27620
27522
22237
26681
25932
22824
26019
28417
29854
22344
21185
26712
25071
20987
23410
20758
29695
24828
29698
29221
26410
27536
26342
29004
27621
24044
21972
29908
25552
29415
21665
24493
29846
24293
25047
28562
21048
29580
28573
26597
29568
22077
29783
28214
26182
29672
29225
26242
21963
29404
23935
24373
22641
24198
24917
22520
24817
24412
29872
20973
29222
28467
21606
20244
29231
22780
21983
22117
21259
24975
21081
28783
27303
25914
21301
21227
28914
25500
26555
25042
26195
24368
27396
21691
25005
28609
23981
25941
20521
27498
20057
25626
25540
24812
22874
28228
27437
22801
25822
29838
28611
24095
22928
25994
21379
20943
26885
20606
29821
23046
25222
28739
27846
24925
22419
21359
24900
21317
29295
25324
28142
24381
24854
29878
22680
29629
29892
21691
29498
28485
26160
24109
24090
24065
29654
22670
27484
23432
21649
28189
25341
23865
26560
20748
20127
22979
21365
22788
25953
22455
27392
27143
25643
23021
21582
26378
24798
23937
21021
23031
28208
23675
21451
26511
29824
29767
27806
21284
28673
24851
22343
22727
29616
22835
23889
21568
29637
23789
29917
25179
27465
28701
21674
24153
26801
25535
21463
25590
21103
26183
20286
20284
21008
29832
23550
29629
23777
22043
22296
29467
27884
20404
27517
22320
24816
26993
25497
26524
24501
25115
22862
20579
20363
22745
21023
23764
24967
27968
21042
29480
27431
22328
21606
26123
29364
26428
24751
21359
26947
28418
26250
29623
22945
20049
20190
29346
23958
26876
20114
26009
25002
28871
22388
29435
25642
25247
20899
28906
29325
22573
26101
27695
20313
28440
25521
29350
20661
23856
27332
21715
23066
26307
23364
21052
24088
22027
23010
27890
26234
20351
24896
28234
26719
25273
28872
28652
25317
29304
26945
21401
23654
22583
28075
26243
23554
25777
28419
28893
22579
28819
25593
22133
20792
28728
22754
24565
23951
28883
25929
23680
24827
28964
25898
24465
26158
29490
24173
22151
25866
27412
21093
27832
27583
29489
22968
28680
27299
28377
24268
20295
29983
22240
20399
27281
28412
22517
26317
29608
20097
25997
26359
26518
27237
26767
21058
26773
28888
20798
27421
23925
24181
20925
20165
27909
20356
22814
22771
29785
29607
23144
28844
24714
24307
29658
26220
29365
21033
29042
28575
23876
20015
22604
21846
25208
28103
21664
25671
28275
20177
24224
23310
23592
26013
22023
26974
25342
27089
22389
29376
21747
20528
22439
26457
20413
25437
24129
20670
24933
20286
27410
29037
25434
28636
25324
25232
24992
24525
29246
20370
25879
28127
24703
22889
24458
26919
28175
23934
21210
27530
23127
20992
22843
28667
29166
29181
26755
26096
21626
26553
24186
26518
20188
27046
27340
28342
24182
22322
27480
23885
29126
21602
25527
29305
23723
26849
24069
25712
29095
29159
29825
27320
22300
21061
28622
20262
24360
28584
20699
28732
28941
26399
22779
23492
21608
29137
24757
21472
21142
22050
23079
24170
23782
24611
29943
26884
28478
21320
27269
20404
26213
25067
27109
21750
29314
29676
25586
20757
27275
29953
25792
24900
24083
29509
26134
25585
28287
28888
24578
25335
21121
29146
25932
26794
29892
28911
28871
21271
23518
26158
21757
26658
24634
29485
21455
22024
27984
27494
27372
28868
27972
29026
23665
27145
29182
21492
26242
27480
22434
29274
27543
29719
25524
29300
21339
21924
22171
26271
21825
23247
24901
25738
26142
28732
27602
29251
27104
24017
21310
22154
23431
23163
22406
21219
28023
23391
25883
26311
20970
26371
27567
27523
22858
26902
28266
26829
25698
26294
29712
21187
23330
29599
26838
22242
20503
22927
23461
26317
20008
29536
28751
27193
20212
21129
20016
23354
21146
23823
23255
20818
25871
26654
26723
22464
25314
24158
24295
24843
28932
23537
24822
23863
20665
21257
20852
21455
29442
23534
25120
26356
26201
20078
26003
23462
24847
20747
23811
27888
22877
20272
28184
21800
28488
27127
23174
24386
24907
28772
20622
27912
29422
27000
24359
25691
24112
23926
27420
21052
27644
21282
22014
29861
22670
23089
27272
23041
21324
24560
22959
29643
22120
28101
28278
25518
25159
20688
23636
27390
28957
25546
29842
27229
21438
25068
23571
27229
29694
21222
20128
21389
27929
24286
24571
25752
20723
20730
20049
25654
29177
26253
27873
25031
20830
20589
27263
29748
20327
26529
23984
24240
26725
26808
26162
28282
25072
28990
22435
28678
24425
20307
22321
28798
21815
21493
21169
27477
21856
21127
22388
27590
24663
29717
27802
23786
20514
25816
22889
28323
28347
24838
27468
23718
26536
24925
23926
21012
28667
23196
24493
22861
24049
20024
26252
21373
22567
28628
27603
21618
26126
22139
22680
23112
24445
20627
20915
23191
21216
26046
27325
28173
27788
23991
25419
20482
25395
27314
28641
22485
23750
28121
28190
20704
23288
21532
24733
27264
20762
26644
29046
28992
23017
27615
21928
28381
21773
20512
26893
24807
23021
29614
20065
28865
28244
20254
20468
27410
21108
23944
20499
22057
22467
25531
20713
29209
28584
21439
25286
25466
22338
22668
24513
28257
24809
26151
28522
27862
25168
23326
22015
23702
20039
25311
23321
24646
29639
29977
22255
20464
26899
27355
20408
29038
27507
26339
24329
21938
23344
27438
26793
29115
29157
23448
23825
22012
22452
22355
25515
23252
29601
24524
26744
20175
26909
29268
29931
28985
24035
24293
25645
26034
28532
25161
28512
22858
24542
20931
25222
21991
25684
26442
28645
21271
22056
21301
27067
25404
23929
20603
20401
24884
20174
22630
25819
23992
27786
24339
23755
21610
29936
26314
21437
20799
23928
25064
25219
25738
27154
21990
24830
27481
28672
25220
22395
23216
26408
22560
26558
27232
25127
21298
27386
25652
28305
23313
20839
21111
27838
21987
22575
28053
29096
20830
29582
24076
25284
22361
24728
27847
24264
29814
23686
29514
23074
23528
25907
25241
20177
28519
21307
23546
23209
29635
22164
27424
20408
25956
25352
22906
27240
26672
23499
21687
25828
26505
24892
22676
23693
29957
21050
24979
20073
20138
27752
22669
22598
29746
20006
29939
24473
28887
23982
23755
22479
26854
29196
29955
29071
22731
22445
27905
27668
22730
20857
28273
28807
20574
25252
28256
26266
20871
26538
28708
26483
24464
27260
27976
21636
29015
27630
27996
26613
27725
20366
29228
22756
24006
21483
22309
26746
20169
24830
26010
21292
23762
26606
22993
25376
26040
22339
27173
25743
23247
22909
29064
28035
22872
28048
28393
25511
23867
25477
26481
25672
21903
21328
24398
20237
28207
22839
26769
21922
23234
27432
25230
22272
24517
23225
20001
28358
21375
24827
22838
22623
27865
24771
29689
29339
29351
25401
26786
23219
27363
28160
29636
20545
22042
27279
20366
20870
21403
22673
25258
27813
21896
22475
20907
20753
25279
29122
24452
25359
22711
24105
20569
29772
28150
25647
25514
25006
29619
20382
26408
22673
28730
24853
22170
20499
25961
25139
21006
26226
21625
23255
28252
23533
20199
27076
27448
29353
28746
26526
27055
20573
28542
22489
24944
29552
22682
26504
22914
22078
21442
28679
23875
28451
21488
28444
25047
28233
24628
27798
21565
21859
26755
29501
26196
27787
27838
23326
22550
22167
29421
21897
21105
29093
26920
23933
29655
23434
20206
26773
22384
24963
27461
21935
24647
22034
24092
27187
23782
25435
20604
26079
29768
28186
20777
21243
23422
25043
24229
20881
23930
26251
25497
28818
22029
23712
25153
27247
29864
24118
27139
27879
23697
22863
20510
21591
21006
24554
23065
28847
29224
20833
28990
23202
29424
23848
22546
28003
24562
24218
25082
22050
28554
25624
23234
23401
29425
24237
21998
21801
27050
20155
27585
29265
23575
29707
21442
25222
22533
22038
28631
27356
20854
20759
20878
21745
26526
21582
27040
26275
23470
29864
21472
29383
24363
27758
23854
22183
21603
29288
22366
25747
26370
23063
25840
26914
25853
26584
29449
25374
29088
23153
22852
21958
22572
22203
29294
23110
27855
26593
29125
29293
24628
25839
21414
25758
24507
22572
22916
22532
22628
20611
24512
26726
26508
26946
21404
24382
24145
26674
24885
20903
26289
29446
20260
28867
20992
28366
27648
29482
22086
27418
29814
29309
27074
21500
23931
26969
24066
23930
22211
25540
21858
29880
29735
25085
22030
20617
26490
26315
27011
22676
24588
20814
23490
28092
20995
25408
26229
26722
20679
28296
23390
29297
25024
22373
20807
20375
25631
26814
29284
23630
24136
21432
25988
28007
24578
29585
28237
22214
26035
24479
25622
26746
29701
20595
24257
27138
26438
26675
25190
29572
27904
29195
27537
20044
26837
25600
25710
21354
29776
24684
29298
27902
28587
27457
23587
26945
25521
25619
28518
26319
20209
26286
23927
22924
25999
21062
29351
23245
27344
24677
27370
27099
29566
23497
20500
28416
27263
26953
22965
22361
27855
25649
20361
26400
22341
28298
22145
23998
26178
25921
24206
23578
29422
25818
21318
22067
26704
29687
22202
21933
24481
29993
23136
22929
25079
26157
29557
24978
24493
27512
28966
26544
23657
23047
22577
23696
20939
28963
27609
28628
27001
23781
26929
22820
21841
27349
27796
29282
27814
24446
26893
20326
21762
25914
24525
22185
23976
20229
26899
25478
21667
26256
21739
20950
29843
23574
29124
23277
23074
20194
26424
21756
27468
28759
23462
25676
23391
21377
21639
23855
25921
20148
28633
22396
21879
25104
28528
22043
29359
23830
25728
26710
28127
27333
29852
27712
27017
24866
27987
24036
27472
26362
20078
27578
20787
24893
23087
23700
20271
23147
29565
21685
28536
27282
26737
26707
24441
28742
22889
24789
23840
29600
28864
24889
23180
29837
23841
27728
25301
25593
26183
29268
22282
25867
22140
27861
21091
21418
27439
27983
23962
23671
29400
20212
26907
23345
20108
26657
26606
28176
24387
23378
27996
26669
29848
26518
22358
20084
20115
26841
28405
28043
26493
28161
26955
24043
27801
28759
23135
25974
22864
21279
28735
23263
25243
25854
21349
26688
25210
23225
26215
29074
29636
29486
21310
25117
26545
21754
26174
26389
27379
24525
20198
23213
26686
29797
26633
28554
25917
20114
24492
20322
25271
22620
21663
27555
25135
23937
29058
22849
26551
20215
27431
28072
28367
24073
25621
22939
27247
20281
21388
26337
25549
25062
23785
28393
21253
29637
29030
27296
23547
27263
20254
28555
27487
24434
25131
26031
21219
21121
24436
23395
29660
21999
28869
21926
29229
20433
21072
25507
29276
29679
24762
26561
27165
21229
23074
27258
25630
28523
23823
28798
22997
25349
20227
27814
29107
22168
21843
23044
22412
20340
21918
27255
26565
23760
24233
29163
28070
29755
24555
27530
20092
26290
29321
25019
21310
20473
26853
22454
22931
24168
24528
25121
21358
26122
28628
21496
28853
26403
22334
21347
29569
28229
21287
24562
23770
24239
25452
24229
28736
29179
20662
27521
20889
28592
23112
25767
20026
23598
25358
20684
23173
25151
22892
27260
22552
27248
26280
24970
29421
27479
24981
28119
23145
25055
25499
22989
22740
20977
28312
24141
26357
22351
25125
24761
22707
23063
20468
26234
27229
25945
29348
20299
25008
27412
25777
23043
21866
24118
25317
23789
24841
22606
28509
23484
23369
27153
21010
26586
22869
28059
20593
27640
23140
22481
20773
28754
25027
22553
25760
27000
20122
21072
21676
21385
29948
23243
24538
27532
23000
24151
26371
24406
20325
25491
27004
21545
22904
21851
20590
27121
26970
26363
22702
26834
26661
27898
25971
21201
26881
27153
29664
24068
23119
26938
21363
28350
29096
22788
26919
25923
27601
23602
28278
27380
24625
28452
27420
23903
22013
24909
28650
27915
29244
26294
20810
21356
20652
20110
25572
20452
20453
27564
27919
23644
24253
24585
20167
25012
22374
28031
21426
28947
27313
26870
20271
23096
24883
27039
29593
25683
26230
20444
29066
20180
25764
23039
22485
25011
28298
24358
24362
28477
27183
20965
22582
29407
24095
29315
21659
22189
20251
29295
24220
20771
28307
28300
26676
29975
23986
27154
28747
24063
26519
23367
25496
21860
27453
24305
24825
24928
28023
22673
23010
20326
26369
29384
25795
22288
27173
24379
22793
27784
27970
24232
28500
29396
28333
26498
24113
25184
20420
24667
20503
29297
21947
24310
24208
28965
25559
20563
25099
23205
21783
29431
26511
26089
26273
20566
26040
22745
25883
27151
27978
29374
22281
29319
26384
29559
26252
21129
21191
27855
20623
27540
28393
28240
24844
27063
29396
29412
29637
27797
23875
21068
25858
29415
25136
25366
27722
21342
26899
25536
26906
27815
25651
29297
20666
23855
23300
28135
24084
22229
20707
24793
23840
20442
23868
20374
28474
28500
21009
29358
28029
22741
20657
25515
24140
28366
27880
24220
20214
23499
28317
26998
20129
20546
27352
22244
23067
26450
24864
22033
21543
22008
24339
28690
29471
21868
28804
26333
27198
21014
25068
22046
20836
20630
22022
28469
23927
26042
28408
24651
20520
22148
20358
24821
20054
27188
29290
25340
26117
24022
26271
28602
23082
29162
29850
28839
26932
23763
20518
28930
29140
27449
26490
29135
25404
25439
22253
28426
24214
21773
23502
26550
23787
26594
29467
20320
29719
23441
26421
20740
29867
23290
24175
28525
27435
25672
20778
24347
28004
23635
29273
26679
21354
28528
24412
24543
24296
22631
26473
24611
26480
22523
24008
22166
27143
23705
27229
23217
27111
27536
29017
20708
27014
24770
21077
21227
29651
26119
28639
29847
21688
29179
28291
29826
27490
22789
20011
20781
25776
24399
26280
23620
27985
23438
28284
23069
25801
23781
21628
28910
24085
21425
21741
25212
24633
29269
22207
22767
25646
29482
27622
23709
21558
25393
26260
28868
27961
29015
26827
27794
26784
27409
27884
28577
27555
20910
28149
29609
21658
28923
20809
28252
27776
24455
25216
22010
28398
26875
24911
26246
29233
23455
21786
28757
25613
24198
22345
25582
22607
21164
23585
24299
28416
23046
22738
20784
23879
28132
27327
22886
24406
23904
29336
29827
24520
29554
20099
29235
29321
28456
20536
24702
21671
21241
24756
25480
28635
26559
23699
26550
25860
25804
29517
21620
23902
20161
20677
23866
26295
23150
22396
29206
25128
29533
26952
24721
26265
21911
23654
20488
22972
29653
28812
26512
23701
20872
21925
27744
27038
27100
25470
29185
24414
22040
22187
20028
29084
20307
25550
20428
28083
29427
26235
27047
22408
28531
29839
23803
29492
20157
28823
22419
21209
27372
24739
23296
20090
27003
25146
21005
26222
21227
23314
20254
27389
23952
27809
27578
25397
25493
23353
21202
22257
28893
23971
26524
20927
23894
24377
27497
26625
20050
25800
24822
26411
28781
27973
20310
26671
25230
29931
23023
20430
24747
28401
26905
28997
25519
24072
21448
25343
28419
22871
26696
29855
27507
21426
21345
22576
29767
23406
28056
29954
20653
26099
23220
28201
22802
24705
29353
29884
28888
25151
27075
25098
25985
24928
20193
23705
28058
25462
21777
20475
25226
28803
21349
20728
23309
26068
23282
20051
24811
24983
24343
28044
23017
29132
23951
22679
24107
22055
24164
28817
28362
25228
27667
21711
20403
20129
21105
23908
20150
21083
28001
21871
20740
27405
20177
26837
26979
20450
29130
22961
28071
23643
29100
24657
21362
21277
21758
24147
29608
24947
28325
29748
22893
24838
28747
25152
27722
26782
29084
20088
20075
24982
27691
23115
26213
24620
27926
28035
24896
28167
20167
26431
27346
24159
28728
20164
26760
27453
29877
29340
27459
25502
25659
23182
24883
26104
24418
23561
21538
28218
23057
23484
20743
28965
27895
25773
29569
26714
20719
20368
24689
22295
24124
22205
20059
27803
25559
25464
23316
25190
22625
24151
28542
24916
23128
23399
26705
28294
22150
20688
21443
25838
24957
21258
27124
27930
28970
27376
28148
23412
20212
26858
23298
26345
29642
22247
26628
21103
22636
28396
26849
21203
20485
22866
20465
27850
26242
20489
20006
20020
28496
20742
27644
29113
25750
24158
26181
27678
20924
21893
23950
23530
20240
20798
27530
27704
23236
24851
26328
27102
20981
22661
26075
20463
27698
29886
24056
29311
26949
24894
27514
23934
27302
25747
28082
28101
23964
26687
29302
25242
22252
22715
21379
23115
25967
21542
27114
23588
28760
23239
25669
29124
29380
29230
26287
27769
22349
23957
22356
24041
24044
24454
27350
23927
20419
25398
28050
28453
26708
29769
27232
21708
21275
28129
27489
26072
25541
22797
20258
29486
29368
26663
29258
27026
26648
20269
25537
21824
28954
24903
22117
28395
26063
23940
29825
24822
20920
29412
22313
28924
23200
25912
27501
27535
29978
29299
24724
27307
24240
23412
21710
20107
21978
24017
23174
25964
26414
25548
23319
21801
23550
22849
27789
24735
26687
27101
26758
24576
28808
22379
29730
21385
20796
26878
24361
20380
20345
20743
26166
28354
21122
20670
23306
22828
24233
29931
20832
27648
24389
21360
21749
26422
21279
29950
28020
28305
22643
21204
23271
28975
29234
21122
20366
23327
23508
23845
21215
25421
23200
23313
23279
25516
28180
26081
27034
23644
23968
23380
21356
24106
28145
21936
29249
25523
26483
24625
24648
26623
24100
24072
22106
28831
23204
24545
25118
22877
23037
20077
25546
28174
29547
29674
26148
20497
21987
23669
20589
25609
21167
28787
20445
23940
29393
23363
26725
24133
25284
28278
24197
21364
27575
23630
20424
29681
20798
25989
27832
26303
22293
26087
26354
29822
24401
22279
26232
23537
27852
20767
25427
29790
22430
29623
23745
21087
28749
29999
26252
29042
20676
24532
21868
22742
21329
29941
29116
23982
26878
28084
29922
28028
21424
27305
24085
25032
23131
23852
21599
29047
26465
21305
27325
28711
27937
24516
22717
26082
23022
23386
22253
27877
20114
20955
28035
26397
23269
29751
24609
25809
29304
20104
27486
23135
26339
24242
23061
22280
20298
20363
24677
23743
23050
21603
29436
22297
20905
25850
23005
29812
24979
23670
25183
20669
25597
23290
27239
22780
21349
23526
23170
28054
29645
27820
20931
22383
29733
25158
26413
26672
20990
26508
22495
27282
29016
28661
27843
26330
29559
20871
25306
29780
25624
23517
27708
23930
26262
22182
29682
29038
26470
24996
27716
22122
26393
25853
27089
29708
24614
21227
23516
25269
24662
23689
29426
25395
26106
20951
29624
23388
21587
25290
28740
28863
28977
24525
23392
27223
23469
22407
25221
23397
27879
23198
27119
20126
20676
22530
23835
22243
20331
24203
29913
24905
21475
20489
22435
25526
23047
21706
23397
26295
21108
29384
26719
26573
29343
26146
27870
22234
28385
24602
29864
22049
21073
27011
28013
29590
24470
27231
27208
22820
21091
26586
29755
22511
21128
25654
28820
24960
24702
24713
22387
24070
28134
26605
25315
22816
21092
27095
22537
24347
22081
29490
24760
28533
28194
22201
29100
20639
21312
20252
21030
24981
26994
24289
20727
27940
24206
23569
26456
21464
23722
22603
29977
20372
20531
24677
24129
24150
20933
29273
20728
26712
28110
24613
27698
25626
20935
20963
27958
25702
29514
25151
29025
20494
27552
21803
21482
29285
26007
22238
26542
26418
24690
27644
27764
24449
28483
29206
29661
22550
22688
24178
26397
26821
27603
23556
27095
29722
25936
23959
20345
21707
27873
23603
29437
29352
27718
29861
21571
20704
22888
23761
28841
20452
20777
25027
26121
24583
21457
29777
21180
26660
24571
21823
25300
25579
26851
27681
28499
27718
22687
24859
22011
24779
23890
22757
22150
22293
26407
25611
23878
22741
21099
27316
29430
21578
22893
28664
27249
24039
27662
28564
29091
25561
28958
22151
28680
28875
27397
20349
23574
26401
23927
27388
22997
27436
24474
25085
28310
25804
27529
25272
29546
25149
28120
24633
20937
25828
21332
29474
20734
29514
26015
21427
25806
25025
24669
28954
29442
21656
28620
23654
21601
24332
28545
24856
24447
28286
29164
20740
22436
29632
23505
29309
25416
22212
26504
27974
25290
20387
29928
26174
21604
22079
20601
21522
29113
26276
21736
26284
20842
24499
22828
27647
23466
26230
26981
22212
27916
24228
25835
22404
27050
26794
21299
20094
23952
20566
20208
20614
28962
29229
22702
28573
20889
20631
27640
25400
28042
27252
28686
27375
27661
22681
22840
22070
28160
29854
29126
20573
27170
25145
28915
22646
29787
26088
20942
22073
25675
29526
23437
29816
20709
21248
23014
23361
28673
27839
24946
21610
21240
26362
22310
26052
29894
27756
22080
20579
21771
25395
24720
24273
22500
21102
20095
23775
23018
27100
26556
24433
24097
23900
21979
22313
21821
20899
25211
22402
29651
28591
23891
21807
27834
28747
29942
20654
28926
21621
27158
27476
28975
27354
26257
20402
27523
22046
21545
20192
25972
27715
29880
26266
23148
29320
27041
22283
28863
21327
28782
23520
21191
20941
23870
24353
20805
25040
24234
20446
26217
23096
22964
26935
27037
28930
24381
20846
28491
20000
21624
23244
29349
24129
26297
24240
27114
20059
21592
21829
28919
20005
25003
23797
23883
29555
29261
20418
22854
22625
20429
24535
24483
26989
20254
24735
22296
28903
25790
26827
26100
23762
23095
28577
22442
23356
23357
22756
23060
29353
29195
23959
27337
26868
26092
25358
24600
21662
28888
22589
24773
29399
26140
23288
21377
25670
25736
22481
29168
21022
23634
25947
29792
26101
23837
25991
22759
28237
21802
26624
25770
22227
25351
28062
27972
24948
26856
23667
22057
25498
27988
25966
26312
20027
23623
22245
25668
23148
24660
24340
21635
25884
20415
21728
24564
23459
20056
21793
28136
24954
29097
26222
25174
20815
21332
27889
25930
23507
28844
28313
24862
21254
22667
21775
29551
24707
24553
28540
25930
21638
25905
26266
27240
25326
23389
25650
20274
28138
22003
23649
21363
23035
25445
25164
26281
22181
20520
22028
22816
23674
26995
26305
22075
24525
26870
23464
24767
20426
27299
29812
21716
20634
29566
27728
23583
29304
22467
21699
23451
23010
22180
27940
27297
27867
22325
20470
21610
28643
27246
26887
24473
26580
28789
27861
26265
22254
21839
25308
28805
24723
26700
25623
27244
28484
27046
25941
27312
25280
20612
23398
21596
28704
26060
29614
22486
25705
23507
25223
26123
20596
28129
22169
21229
23990
25901
24700
29070
21182
28078
23515
25943
21946
26341
21374
27576
26460
23637
22592
25620
20107
26745
23359
29991
23309
25294
24539
27284
21179
28581
23746
24654
21832
25910
28853
20639
21441
28344
20832
29246
28794
29816
29828
21267
22013
23325
24721
27303
25329
23615
23070
20237
24414
21140
25315
21008
24568
23428
24358
20474
27310
28986
29258
21844
27364
25794
29669
22733
23873
21127
25851
23229
26768
21967
27629
26536
21670
25555
24491
21724
24431
27822
28192
23927
29489
23324
28665
25914
24579
24113
23841
26384
28012
26529
24047
24570
23747
24285
22081
27755
23769
23402
20723
28192
26919
29597
20539
28553
28256
21502
22099
20526
23243
23760
28437
29478
26664
22485
25517
29174
26987
21820
20740
24509
23109
24416
22134
26879
21903
20525
23762
26413
21784
20112
26080
27599
29650
29886
23529
20032
25955
22484
25461
23972
25459
28171
20669
21200
29204
20362
20224
25266
26688
25051
28141
21626
25840
20772
24436
27416
22438
20132
20575
22616
29885
26146
23008
29262
24894
26587
26515
22971
24563
27443
25415
21576
25557
22132
27367
28917
26686
26655
21429
27977
22019
22055
29321
26418
22869
24672
26437
29359
23470
21539
27049
28727
26982
22986
26342
25901
25570
26996
20469
24518
20743
20217
24630
23286
27873
28641
28356
24462
21885
26918
26605
22220
29462
29036
25094
26591
26799
24662
28349
22851
20949
24829
29359
23298
27064
27861
20452
28195
23520
21406
26016
25339
21786
29317
29031
23171
28175
22701
25032
20670
20163
22964
29094
28333
20834
20871
23675
28490
21177
29787
27784
29928
21476
23075
20806
21320
29833
25392
27539
20345
27964
25079
24544
20491
21873
20202
21705
25594
27732
23915
27093
22875
21349
25762
27651
28891
22993
24320
23023
29226
28004
23115
24914
21953
27632
26178
29792
26967
23843
21747
28423
28123
26443
22701
21801
22789
20831
20057
29326
23902
29889
21566
21766
22899
24126
20841
28484
28007
20028
23737
25702
21285
27750
27764
20141
29549
25795
27203
20301
28836
22127
21291
25833
29437
28270
25351
24003
28675
25397
25063
21066
21600
29137
22211
25537
25551
22915
26188
29795
23144
27960
29290
26231
29656
21857
25424
24260
25028
26462
21219
24878
27696
20339
25732
20204
27382
20473
29959
26437
26588
22972
20177
20010
26040
22689
29767
28378
27621
27259
22648
28818
29419
21935
27665
20940
21447
27753
27387
21128
27325
27077
26638
20104
26729
27385
25778
27958
25799
26243
21274
24561
27831
27888
21405
27078
24597
24546
28097
20476
29370
23711
26827
21367
26410
25930
25286
20320
28000
26360
28068
22829
29425
27345
29047
24579
24275
28559
25282
22306
27329
25887
26322
27614
29945
20161
20579
27434
23352
22076
26099
21462
28528
20215
26489
23870
27463
24939
24024
23878
29517
22106
21035
27338
28302
27063
27553
29399
29077
21177
27895
26532
23974
20267
21371
24713
22572
26755
22632
29407
28278
25082
25297
22140
26786
22993
28459
27913
21498
29681
29410
27494
22175
25431
27529
28690
27345
26434
23618
21131
28023
22712
26217
29784
20150
26752
21396
23460
25828
25342
25372
25904
28913
27376
29925
28714
28791
25928
29022
27282
27316
23788
21350
23269
27747
27801
27493
29645
21291
28896
22393
27298
26394
21430
23442
25369
28244
27664
22036
21044
21171
20557
21759
28328
24550
20850
29514
29516
23642
22452
26824
27502
20407
23508
27337
21881
25719
29214
23098
26853
23658
26439
26564
24351
20602
29523
27519
21541
26673
21228
24064
27846
24772
22764
24680
22994
22915
22050
23985
24238
28880
29926
28274
27878
22253
29902
28163
27440
27910
28212
24766
28520
26673
27433
22683
28152
23442
28745
27790
24794
20440
25014
20345
23543
23379
29310
24223
20041
21347
21246
21233
25658
26985
26529
25439
26040
22139
23539
26131
24839
25594
24390
29697
24576
23710
26942
20009
26952
21830
28545
24150
25650
24186
21888
25302
25708
22692
28292
27455
24855
20484
24008
27215
23867
24370
20641
26452
24976
21455
21694
25772
29608
29114
23406
22891
29340
24215
29557
21844
26866
27047
26705
28692
26953
27754
28459
26874
20917
28231
24807
20695
21979
20440
25274
28539
23001
22874
22728
28405
22583
20509
28046
27055
20269
20006
24492
20681
26684
21142
24708
29374
29856
27489
22471
29859
24659
24240
26025
20987
28352
28701
29721
24291
21533
29491
25923
27552
20467
23758
29726
22756
23700
27826
24874
21097
23189
25615
20461
26749
27703
20882
24493
28005
24208
23906
22190
29098
21127
20554
24022
28507
25901
21866
20924
29894
28127
25253
21852
29926
28672
24196
21927
23223
24653
21962
27756
28384
29933
26214
20217
20659
20878
25697
23997
26199
27509
27146
27445
20001
20909
20471
25969
24712
28768
22915
27088
20235
22279
28364
25541
24751
29254
26274
22363
26191
20293
25804
22765
29474
27115
24626
23771
28878
24742
28649
24116
26815
22126
28402
25689
29967
29043
20193
27917
21249
20571
25334
23934
21399
24330
28670
20130
27114
29805
28478
28692
23606
23541
23381
26167
28219
28759
28340
29739
28303
23047
21035
26877
20946
23186
21955
23379
24342
21842
26404
29395
20598
26947
24271
22984
27601
20859
23901
25992
23196
23106
29694
27578
28380
27428
29171
26618
27470
21142
24134
25365
22285
22432
22315
23265
24256
29054
20418
21613
23078
20188
26826
26859
23039
21657
22410
22825
28462
23604
20855
29802
27856
28851
25698
21586
22290
29632
29904
29859
27297
20158
25189
29019
29158
22583
22546
23539
25818
24311
22480
24262
29877
25319
23274
29639
26107
25188
28337
22867
28783
20870
29081
26109
24716
27877
28151
28553
26377
29523
28871
25918
25696
21164
20711
25216
23260
28907
27314
20058
29454
25232
23148
28606
23844
27122
27218
28383
26564
25856
27408
29603
20820
21453
27058
21414
28755
28891
26097
23486
23848
27705
22732
28804
21806
21337
28052
22120
28460
27691
25161
22604
27569
27766
26498
28471
23639
24925
27832
26009
24853
23412
25123
25372
29063
21051
20879
20734
21391
27704
29950
22938
25477
28053
20819
28704
21619
24526
27325
21555
24185
23772
27526
26202
27493
28013
20910
29860
24124
20786
22558
21149
22069
25144
22991
29614
27506
21181
25430
26681
28074
28951
27994
21896
27503
22257
26944
26682
26196
28608
28527
21518
23943
20703
21165
21442
20317
25203
26818
29089
25515
25288
20158
24098
29416
24478
26899
22631
29429
20596
28076
21031
28370
20327
25376
23164
22031
26861
23710
21875
22376
25338
21154
21183
26351
23416
23094
27303
22229
27177
26955
23424
25035
25822
26274
25260
20173
22088
27984
21848
29665
29201
24838
28799
28550
29310
25598
29252
29937
22806
29310
21192
25991
22705
26326
28417
28658
23390
28010
26477
28356
28361
29093
24213
21057
27388
21479
26096
24154
29491
26001
20574
29384
24466
29075
24805
26679
22395
24513
26756
26260
27470
26840
21509
27582
29784
21398
29783
22769
26320
28232
23186
29098
20246
21288
22521
29764
25879
21841
22572
24675
25158
25190
29259
23363
20348
22671
22755
20204
26817
26819
23244
28109
29209
26101
24366
20604
24091
27089
23057
23776
22275
26126
23509
28970
24370
29627
27266
