34292
33874
31975
31104
38015
33115
32648
39254
39763
38701
39710
36806
36040
34784
35051
36643
35062
34398
37911
33168
32148
31436
37092
32233
30979
38375
39041
38201
37933
37792
38471
35855
36384
38928
30599
37007
35375
34043
39197
39072
32402
33196
32660
35642
33158
30201
31080
37122
32064
36973
30905
32878
36146
38276
30199
35033
31412
33945
36736
38017
35242
31073
33196
37315
30539
34368
38594
35443
37350
38888
32752
33148
35537
35735
31058
39047
37676
37903
30102
31475
34830
30470
30847
32216
39090
36569
34918
32918
35868
38192
31318
31536
35774
38754
35441
37930
30662
32576
39560
34866
30880
34959
34194
33098
31131
35366
32686
36972
30443
35382
37134
30011
37744
32568
32435
38359
38242
31127
36591
33599
37427
30363
39667
35478
38871
32333
30851
39376
39216
30786
32867
32970
38726
34534
35734
31479
38634
39704
37256
31114
37129
37014
36009
35932
34260
32128
33607
34132
32345
39469
37016
36044
32478
32415
38373
37532
39680
35746
39321
39356
38873
39374
39222
35140
31420
35963
31784
38047
37258
38840
32592
38984
30813
30789
30870
37223
39804
38738
32347
37711
34840
34177
36564
37989
34247
34181
31162
31676
32983
33344
37739
34733
36660
32647
38717
35391
31737
37272
32329
38521
30749
31764
33310
30480
37070
37538
30163
31035
37169
34748
35994
34817
39576
37749
38800
35949
38822
31034
38835
35997
39544
30373
35233
37166
30614
32135
31387
39824
31656
32267
38793
35838
34666
35274
31999
36962
31558
32665
33131
30571
34423
39815
33048
33415
39026
39947
37599
37724
33675
34054
31694
33016
34941
35951
30911
31245
38931
32384
30271
32569
31819
39135
32409
33917
36153
35399
32906
32818
30111
30372
38810
34465
35303
37945
37473
30911
34995
37659
36769
37415
38693
32694
34473
32511
30905
38544
34109
35126
31616
39244
36964
34230
33500
31550
35087
33915
36220
31309
38115
39543
31318
30388
37523
38677
32117
37032
35509
33848
31838
37247
32166
32927
39700
39949
33775
36837
39160
33952
37135
33664
34633
30660
39676
32840
33060
32276
32786
32989
34511
31736
36229
32309
31620
37199
34870
30869
31148
30896
34976
30106
32167
39403
36317
35983
34481
30014
38000
38748
37757
35780
30508
34050
36555
39967
33789
37298
38920
39269
31380
35555
36585
33885
33551
39035
32892
31776
38229
37292
30550
33832
37081
33594
35072
36498
35538
34634
31311
38461
39775
31723
39918
38421
30708
33944
37717
31677
34910
33326
31014
34283
35030
37050
33689
34856
37768
31962
32532
35802
35743
32174
30750
37643
30723
31455
36827
32444
39550
38264
39980
34894
30891
32782
35367
32531
30420
32111
31864
39772
34434
31908
32758
33971
37051
30186
35034
35553
34129
31723
36052
38402
37821
39600
37349
31186
39303
33755
34104
35038
33603
35106
35313
38124
39729
37816
34173
33013
31273
31554
30303
38492
37593
30245
35511
33493
33281
33717
32571
37108
34131
33919
32160
35373
31127
37902
36520
32410
30027
35687
39689
30824
33093
32249
33204
33830
31194
39402
33083
39487
39088
35151
38550
35632
34021
35195
35538
32611
37952
33695
38265
39788
36698
38186
30356
30909
35075
36538
32913
32901
35717
32265
30692
32439
30680
38146
39135
34724
39149
37129
34366
39279
31623
33789
35486
38326
30802
39225
33473
34302
32058
37227
33870
34420
31862
39772
31011
31832
30826
35481
30050
34916
39113
35520
39262
38472
35909
37627
39202
33223
31342
30422
37148
32890
38814
36999
35001
31344
38034
38858
36283
35856
34224
38741
33208
36300
36947
33606
37962
34320
32778
37102
33229
30933
39682
34202
35798
35816
37327
39405
33643
36610
36842
33860
31246
31980
35522
36088
30151
37878
36881
35618
31726
32480
34076
38741
36939
31613
35247
30874
33595
33134
32565
30556
34923
35685
32925
35972
34663
34519
37106
36092
32862
34699
35967
34999
33513
39846
36775
39778
39803
32839
30131
39478
35323
33404
38109
35070
39842
36347
37213
38087
36436
33350
35546
38665
32682
30703
32182
32101
32395
35141
38156
36700
35955
30007
32717
34699
36670
34398
35513
32339
37787
38640
35254
34808
39810
30481
38056
36667
30585
37712
34130
38654
31239
34583
39803
37304
39531
31359
32941
34671
38424
38607
33752
31660
31734
30414
39709
39939
30649
33640
32832
34223
34547
33495
39957
38823
37111
39295
31760
39827
34006
38051
34300
36959
31570
37720
37634
37286
36871
36405
39642
36266
38280
38557
39645
30323
32253
34332
35601
39147
36425
33647
30730
35198
31294
32204
30241
32528
32793
32758
36538
36963
35883
31260
31724
34925
34900
34145
39545
38746
39881
30014
34986
32175
39310
36206
38687
30978
38834
38370
35033
30015
32360
39045
37348
39987
36650
39449
30957
34168
33034
37222
35055
37865
30212
31703
37284
31096
30190
37469
30747
38025
35416
36322
31740
35083
38887
37689
37949
33354
30592
37500
31049
39825
33037
35989
34714
36397
35803
35580
38865
35171
34084
31073
33692
33458
38984
35628
32425
32200
37978
37760
30151
37057
32410
36468
37044
32276
35129
33923
38336
33638
35461
37726
30038
38273
30596
37639
38993
35959
32157
34911
38188
38602
34227
35844
33412
32063
34456
35083
35334
37227
32970
38268
31857
35251
34775
38135
39218
35332
30103
32954
36714
31976
33717
31243
39158
32788
38580
32143
33223
37060
31481
36506
38669
30102
38244
39811
33134
38157
33931
34331
39624
34001
39126
34656
39154
33881
36801
37594
37070
32320
35546
34816
30522
32491
34008
34112
36273
36354
38263
33112
32564
30576
38562
37474
36129
31342
34380
34100
35597
33633
37031
38769
35516
38249
37247
36728
31011
32962
31055
34240
31698
32499
31074
38879
34892
35785
31874
36418
32379
37835
37495
32600
32042
38011
36351
38759
35524
35969
33801
31291
35735
31559
35473
36339
33519
35178
35064
32658
31071
30644
38788
37637
30802
33513
34894
33707
32274
33955
30776
34941
36544
34796
32037
36583
36793
32130
37618
33429
36500
38049
32560
36520
31541
32437
35343
31450
30613
33540
39828
35717
39146
35089
32825
37057
35488
31090
37021
39410
34549
38102
35620
38321
33330
38824
39400
32936
34804
30092
39099
37470
31448
33020
36060
31083
37437
32965
31873
31388
38928
32213
33394
33504
35211
38864
32976
33521
39575
31237
34987
32494
37648
38335
38783
34722
32733
33354
35179
31911
32160
39088
38147
33075
36067
31135
36015
38539
30147
37295
36716
35237
36930
39268
39809
39672
35900
35816
33927
34342
31402
34942
32054
33223
38677
36288
38639
32001
32608
33986
31898
39119
30791
34472
31886
34436
32412
33412
39916
33314
37061
30794
37722
35293
33099
33541
35406
38158
33495
30466
35648
30164
38134
35364
37932
35462
35531
30125
30583
30371
33605
31310
30342
31006
38708
30400
38855
36035
34459
30078
32990
31805
37108
36303
31212
30979
32114
38707
31383
39910
37426
39887
36290
34503
32568
37537
31983
39041
39014
32054
30554
37569
36601
36230
33397
32831
32756
32960
33166
33433
36156
31522
32667
35984
34124
32897
36755
35262
33529
39855
38897
32118
38262
38093
37583
35790
32443
30563
38943
34598
37459
38332
31069
36523
32626
37784
32389
39145
33852
35812
31145
36564
31981
31736
35540
39499
32718
37142
34440
33572
32961
32551
36652
39939
34204
32921
32742
31910
32242
32313
37128
30942
33847
31778
39737
35515
35302
33467
35919
36771
34731
38317
30493
35525
30000
34266
36829
36280
36647
36861
34658
35210
35768
34423
30982
30731
30084
35418
36862
37244
37502
36620
39152
34901
35426
36780
30295
30849
35769
32050
31202
30280
30193
36179
31928
38866
37423
30657
32342
31642
39681
37389
30369
37274
33232
39222
38443
30775
38853
31724
39823
32208
31619
32978
35136
33677
35830
36810
36124
32016
30120
38910
37909
39973
39841
34571
33338
34382
38659
31404
32942
35886
38973
30333
31885
31066
31239
33400
30902
34509
35579
37459
31685
35299
35155
38741
38423
39697
39699
34426
36282
39362
39331
33845
34497
32355
33331
33778
36433
32403
35875
39393
31506
30407
30928
34834
34140
31015
31462
35183
33120
36252
33942
34603
30596
37630
37646
33820
33791
37974
39796
33790
34026
34252
31694
31399
37054
33117
38114
37326
35896
31588
32051
35856
32389
36295
39574
31324
36468
36090
35045
36140
32844
34435
35225
30888
33184
39974
31907
37876
38163
35951
36630
35672
37836
31736
37746
33684
30633
32614
39679
32620
31028
37210
36539
38812
33388
35436
37428
37789
34879
33714
38778
35256
33394
38331
39808
31676
37462
32307
30839
30023
33825
35860
30570
34961
34942
35716
37703
35702
33091
33843
34299
34077
39904
31955
33115
34016
30205
34123
38868
38524
36831
36183
33785
35506
38748
37280
31167
34348
38230
35844
36734
31021
34134
39576
36467
30677
37352
36612
31393
33169
31428
32919
34272
38762
36021
39205
30542
38409
33407
39150
35999
35400
38510
39584
36703
32928
31134
32421
32362
35185
34970
37584
33086
37976
31735
35967
30777
38478
30373
31528
30682
32835
30622
32059
35670
34522
37450
38837
35619
36062
37892
36423
37027
31617
34601
35204
33365
38189
31118
30915
35036
38760
32252
37352
38894
31536
39269
30750
31170
35671
33638
36917
34414
35308
34970
35056
38579
30621
38484
35505
38746
36624
34849
32059
37123
37965
30567
33453
34978
30666
30188
32682
30905
39811
32631
37333
35469
35589
32591
38846
38660
38722
34632
33747
35832
30373
31923
35259
39847
30874
33788
39439
31974
36269
36227
35993
31795
31588
37421
30275
36810
35011
35843
39622
35756
37639
32048
34122
35743
39458
36479
39229
32217
33265
34717
35170
32522
34820
38429
36053
38323
39284
35055
39733
39565
31146
31688
38079
32756
37239
39005
36070
39367
30230
39185
37346
35939
32983
37730
33260
36072
32602
32851
32282
35891
36613
37657
36685
38833
32760
39763
33834
32604
38174
30148
30135
31048
33321
38080
36693
36295
31042
31763
37101
32078
31248
35001
39406
37362
37409
38592
36274
30545
31810
31472
39653
38425
32767
30645
38802
30816
38452
30872
33490
31283
38823
34759
37338
36774
39232
31392
39841
34143
36752
37017
39421
39475
32987
34354
34022
36983
35193
38138
30223
37792
30901
33173
36603
35381
39924
37825
32215
33655
31624
30208
36381
35683
34603
36551
31774
35976
30627
31223
38756
36845
34512
35741
35278
39873
36935
39673
33311
36807
37708
39856
39732
30287
32917
35559
36866
33755
30490
36323
35461
31594
35292
36071
30812
35114
36607
31815
30901
37322
38019
37740
34007
39627
32118
35840
32040
36556
30219
32335
35014
30379
30307
35125
31542
36156
34826
31226
39995
39096
33588
34764
35090
30375
36089
35441
35019
34605
31794
34617
34997
31974
36628
31144
34099
30769
38773
31922
33606
31454
37179
32760
36728
31777
31708
33612
31540
33487
34714
38471
31224
35128
30069
34308
38330
32164
37079
35321
32641
35157
33614
38450
35450
39144
34832
33632
36578
32467
31350
37573
34322
31327
33439
32991
32632
37110
35878
36174
34311
37130
31488
34507
33813
35867
30018
32165
38250
32985
33086
36570
30702
36483
35147
30384
35548
34151
35113
33858
31636
34210
33153
30138
35402
36450
32478
31791
32713
38507
36422
30255
35172
38011
37066
31171
33908
30239
32770
37628
31434
32654
38515
30246
30089
32252
34741
37715
33772
38977
37502
33901
38211
38645
35173
37988
33837
31785
34703
32221
34501
30613
33461
37791
34715
34933
31080
33146
37893
39203
39414
30593
38137
37206
37669
36441
38528
37835
34139
37117
39586
35323
35531
38722
32593
39944
39850
30303
33816
30673
39024
31737
37292
39585
33021
35607
35847
38885
38072
38664
32240
35366
37805
32591
34960
33831
37580
35619
36069
30549
39122
36291
31727
30168
34675
38130
39528
34680
37332
39341
30639
31010
36922
34772
38880
34585
38919
38318
33335
39848
37189
32726
35868
35104
30076
30304
30008
38302
33324
32454
33056
32399
32637
38118
38999
33823
33304
31244
35819
35189
34238
35219
37136
33930
39024
37825
34781
31773
37143
33732
35840
36103
34383
32811
34991
33184
32643
31599
30562
34909
35845
32169
30612
35324
30436
37306
33560
30489
36126
33457
36431
35443
34910
33184
32580
34987
34174
37051
39969
30803
32742
30747
30466
36036
37106
37091
30476
39875
38720
34051
33244
38889
32281
39371
33614
38939
39210
39544
36716
31314
30138
35898
33095
39420
35184
33393
34107
37836
31006
38346
33095
33815
39208
39753
39795
32446
31512
35143
37695
30578
33323
35964
36680
31361
38781
39394
36173
30785
37222
33148
37211
39948
33071
37395
35412
31968
38638
33183
30625
30414
32017
39939
33224
36932
30359
35532
31429
39350
32146
31161
38876
37935
30786
39903
36668
36752
35831
32131
39614
39065
37444
33215
32018
30603
34337
38937
34453
32181
35360
31849
39240
33623
30137
37474
39058
34251
34728
32658
30036
31290
34149
39671
37962
36455
34766
38714
33846
32734
36074
38376
32950
37893
33190
38273
39631
38605
38479
30639
38868
39263
33205
37922
34162
32512
37803
31604
30668
34340
32445
33399
31882
35142
37952
33742
37958
39631
30755
34054
33854
32653
34635
38661
35865
35039
36251
39429
35853
33454
31114
31204
33485
30898
31554
38939
38128
39958
38530
38073
33721
39228
34622
38115
31881
34419
36471
35700
30791
39557
31089
37411
30003
30461
31938
34592
34190
32168
37533
32023
32091
34380
37384
39883
30413
34123
37576
33723
36314
32845
30987
30310
36208
35907
35239
38162
33132
36081
34811
30340
39657
39052
32457
33635
38439
38147
39035
32690
37884
37591
30185
39774
36145
38397
32904
30944
32652
38691
34985
37156
32753
30750
35563
34511
37672
30315
35527
31287
38957
39840
32456
30640
33881
36273
35915
36959
35811
35670
35424
30726
31508
31504
35242
31435
35499
30866
37202
30629
30189
32945
35301
37455
39252
37124
33444
37233
30939
33841
30854
39534
37449
39965
37969
35974
36265
31840
39388
39528
39436
33392
39373
36562
37210
33733
39752
39939
33111
38544
39677
36619
38605
32185
31610
35947
36805
32969
38185
35475
36345
32312
30111
39641
38507
39593
36193
32822
32946
38451
32688
32422
39966
37004
30738
39484
30195
33981
37416
34053
35707
35146
38037
30000
30179
39538
34826
39345
39510
33026
39778
39272
38465
37491
37592
35941
33379
37530
37940
37988
35744
33004
35018
39180
36550
34964
36294
34045
36714
34567
31722
32527
34570
39400
39252
39719
37490
39326
32445
34524
30988
34452
31231
36780
35339
31067
37385
35761
36705
37564
32198
34307
37022
31212
34984
31831
34507
38424
37549
36401
34532
35677
31577
30745
38829
35601
32997
39553
39521
32937
39810
35796
33294
38003
37635
31863
30206
31154
30252
37329
31055
30265
30820
38862
37036
34728
33106
39411
35485
33667
31069
33149
35914
33101
39445
39872
31256
36674
37605
37571
30263
37190
33870
34681
38338
31718
37738
34183
35727
31283
33016
30163
33971
37298
35726
33697
33788
30760
36825
38999
30133
37031
31302
32662
33101
38483
31980
38509
36550
39725
38508
38094
39819
35212
39435
32192
31797
37096
38016
31788
30715
31896
30446
37984
37510
38224
38598
39027
35381
34191
38014
39231
33260
32347
35898
38932
36287
32061
33160
36843
32133
34097
39187
36160
38004
39798
37944
33600
39533
37782
39250
36197
39366
34337
39641
34105
30280
39812
33080
38954
34871
32199
32989
36335
31510
30869
33533
37905
34101
37913
39925
33292
31438
31933
34621
34486
30455
39286
38717
35718
36509
30746
35592
39991
32986
37355
36912
39340
31988
37839
39471
39677
37623
31373
35016
32649
33521
33705
34230
36318
36581
31701
30309
33664
39703
31227
37232
32933
37228
35926
32719
36669
38204
39966
36139
36900
34216
36087
37174
32399
30475
31405
31927
30206
31162
37339
39324
37653
32592
36747
32180
33041
30658
30916
34074
32798
32260
31381
35332
30465
33904
36745
38820
38167
34531
32609
39010
34389
33768
33561
35824
32793
31260
39732
38155
35578
37528
36870
30613
31488
31851
38107
31069
32908
38128
37619
35848
38723
35325
31266
34071
39616
35196
36921
32552
30289
36251
37713
37911
38751
39646
34686
33127
36228
39581
31475
31610
32564
38128
32514
33062
30987
31922
38044
31894
33062
36136
33690
30758
39302
39291
39773
38887
33450
31045
35648
37371
38754
33890
37366
31213
32686
38879
32747
31105
32512
34935
36527
36196
37886
31092
39707
32844
38197
31088
31399
33292
31789
30153
38567
32563
31385
34520
38874
31447
35025
35231
34509
38416
34694
39154
30395
33522
35400
31749
38397
32915
35952
38118
30327
33459
38930
31123
36394
33129
31404
37957
32524
34355
39857
39454
39495
34293
32461
39630
39175
38101
39357
36472
38343
38768
36932
38846
38537
39749
35182
38518
31156
34741
38254
30770
30664
32287
36956
31855
35148
31599
38662
36631
32718
39959
34353
35095
34266
31379
34805
32289
37976
30823
37881
32029
38613
38211
36756
31283
35131
31687
34502
38658
33402
30172
33925
37411
36987
31105
32815
30704
37793
30457
33814
34370
30152
38581
35022
30394
36465
37292
32130
32506
39826
30665
35413
33808
39278
34494
35198
35209
36292
37081
37590
32577
36863
37092
38173
39985
32210
32575
35156
36218
32514
38933
35021
31757
32307
32625
33103
33909
33215
31674
38739
38422
39580
33698
39617
36968
35160
37084
32803
31215
34598
31199
30530
35851
31615
37063
37307
34903
37017
30791
31146
37939
33486
38300
35784
35368
30901
31242
32671
34916
35419
30977
31173
34600
37954
39463
32964
31019
32813
33432
31910
35650
35266
30905
33844
35951
37577
37207
31637
32577
36671
30978
39677
38748
32988
39377
38474
32932
39323
35654
34471
31387
30506
31592
32360
32815
39585
31917
37197
33429
33896
37731
31427
37042
34840
31233
37584
31471
38500
34596
30876
39469
30322
31687
37083
39724
36021
32544
30351
31004
32566
36974
32254
30470
37675
35490
38272
35349
33585
32882
30293
35724
31036
32175
34100
35012
32369
34457
38916
33857
38463
33132
32037
32628
32808
39495
35350
37494
37433
30249
32097
35125
39655
36530
31624
31466
35637
38352
37066
30777
36599
37988
35924
32097
36201
30718
36299
31689
33087
31666
32210
31634
30873
32935
39838
36730
38969
36200
32829
34091
31531
32020
38833
32489
38580
38687
31364
31309
32862
30208
30744
32263
38359
35124
35426
30508
31569
35338
30284
35626
34599
36831
31625
37139
39949
32227
39599
33621
30446
38519
37452
39302
34204
31970
33654
37115
33730
36170
37284
32541
30321
38567
39296
38347
39744
35386
32254
36285
32896
34790
38984
38219
35559
33384
36204
35743
34725
31714
32644
34359
34994
30287
32442
35526
37542
38815
33644
37504
35822
37884
38552
33798
36732
34056
37354
36237
33337
36521
38952
38235
35386
35873
33274
32620
36856
33286
37451
37585
35539
31476
34200
33752
38286
37150
34527
35124
36957
38374
38409
36811
34333
39238
36536
32779
36304
38550
33341
37603
36477
38876
36609
37239
32059
37183
31748
35153
35289
38599
39431
31799
33029
30346
33800
37401
38218
33768
34650
30275
30795
38588
31101
35511
32433
34968
36140
31733
38976
35815
31121
36863
36820
33846
36829
37361
34624
35379
32995
39233
39754
35562
31348
33241
39626
37799
38179
31241
31720
33507
31189
35329
32465
37022
31941
36562
34413
34455
39641
35431
33171
34631
34154
31977
30395
34818
36189
39451
36840
33937
30374
31779
39924
31159
32637
31717
33552
38337
36679
33581
34059
30640
35662
31661
35050
30879
34246
33071
35624
39556
33030
31648
31031
34439
32140
37739
32157
30623
33201
37246
30394
34416
39291
32129
37431
32192
30553
33716
35307
38369
39147
39646
30645
35041
30944
35022
38430
39511
32953
38465
34899
34914
34848
34142
36165
33467
30170
31566
39051
31481
37782
35976
33266
30210
36974
33462
39547
36858
30258
36635
36670
35600
36335
38619
31341
39385
31980
35396
38901
39424
35648
39150
39494
30793
37523
38130
33895
39368
30384
31790
35560
37446
33208
33467
30597
32817
34745
36706
35366
38814
37405
35505
32191
30917
32803
33177
37269
38846
38995
39351
31294
31793
36087
39683
32511
38390
31210
38268
33995
32355
36111
38448
31768
39357
30584
33741
38061
30589
32800
36962
34485
33756
33234
32226
33181
32767
32315
31539
30113
33289
33211
34892
33592
32466
30224
30435
32839
37664
30126
39130
35941
30835
38526
36572
33914
32284
35800
33127
37733
30001
37483
32412
38188
38484
32152
37292
34214
34051
35744
32002
33931
31973
35058
38819
34053
34481
34734
37756
37575
37654
31391
38185
36650
39544
35800
31986
37449
31474
39001
38857
36455
39403
31060
35742
33122
32482
31826
34017
32114
31500
31469
39986
39456
30747
34884
36575
30824
33068
38044
36646
36965
39304
36364
31277
30728
30183
34746
39590
32592
30800
36546
30174
36712
35284
33996
38055
37487
31986
35766
35267
37453
37566
38279
37569
30907
31744
36173
34603
34067
33165
33850
35913
31831
30785
34483
30603
33212
34551
34976
34153
32389
33706
35470
31933
39996
31033
39727
35285
39711
36556
38419
32691
38545
34803
30769
35535
35296
35583
31254
35197
30571
39424
37151
35848
33503
35315
39598
35190
34813
30179
35546
33606
33266
36658
30452
30708
32675
38194
31942
37116
39633
38150
32752
38441
37936
32756
37243
37910
34229
36061
39518
33858
30877
38724
32766
38384
36250
31484
38816
33877
39666
38468
34107
34831
38090
35087
33269
33390
34364
30230
34352
38399
32188
32694
30343
39409
31405
37339
30114
39005
38219
37356
38125
39146
38892
35176
36367
39765
32216
36074
33832
30790
35565
35321
38559
31955
31720
31839
34770
38295
38794
38781
32968
33064
33583
34158
33967
33952
39454
32728
38804
32958
33491
33721
35222
35035
34013
37638
38001
35712
38844
39384
34773
33322
36716
34278
31197
37136
39071
38123
39328
38768
37183
32424
30878
30539
39983
31123
32684
31118
31300
35737
35146
35772
31284
31679
35654
35764
35743
39721
38112
39090
38817
33049
36529
32613
38975
32154
35365
33858
35663
36954
31811
39283
34098
37932
35518
34664
38693
35860
39427
32382
31376
32712
31282
39860
39666
34725
39176
33192
30810
32300
36073
30070
32480
30364
37599
36525
37596
37169
34605
32720
30683
39105
37040
34047
35833
34034
38451
35111
31836
35896
31092
35865
38317
38908
30064
31081
37832
30523
31166
36653
32788
38526
31208
38799
32779
39107
31421
35123
37473
39584
34305
39730
32540
31553
31757
38107
31273
37679
37644
31294
32536
38089
31122
33069
36460
30377
37956
38285
32917
30598
35843
35307
34216
31331
36317
30566
32689
36861
30216
38653
35883
34840
35853
37092
36920
38423
39081
30950
35264
32787
32236
38791
33603
35201
34598
38105
39837
38355
30433
35355
39300
32538
31970
32995
31215
33442
33701
33465
35148
38834
31323
38022
37734
39187
33287
36498
37345
34439
35476
32609
34484
31517
39822
38255
38709
34968
35825
39420
38666
36141
39882
35743
30409
34692
31076
35591
30610
39889
33690
38563
35484
38184
36036
37773
33306
37821
32442
34923
38230
30873
30213
32264
35807
38023
36223
36833
36074
31675
38424
34023
38350
38488
36000
39516
33034
33362
38165
30856
39546
33014
35666
32567
36354
38839
30945
31566
38497
35522
32605
32910
30436
33985
37331
39347
37181
34715
37763
32082
34646
30225
37912
34220
30968
33484
38699
32892
34124
32506
34928
30796
37611
39983
31589
32986
35169
30823
31771
30158
37565
39782
30661
35364
39331
35977
30103
37146
30987
31016
36045
38383
32784
32715
36798
36836
39269
36936
33503
30287
30102
35932
35458
36506
31451
32794
32022
35804
34028
38073
39706
31877
38374
36446
37747
34847
35344
38437
37995
38907
39917
34625
35225
35861
39436
37507
32166
34948
33167
39260
39449
38852
38668
31995
34463
35534
31892
30787
34660
35637
32151
38766
30247
35604
30138
37844
38401
37358
37022
38289
36133
36439
35335
35276
31789
31794
37825
30796
35764
32112
38736
34858
39487
35514
33106
30797
37976
31727
33557
35655
35348
38409
30808
38138
34542
36251
33663
33426
32211
30638
36587
36237
37262
31217
38155
30998
36827
34538
31628
30689
36595
39090
39703
34011
33382
36520
39090
33882
36571
37587
36989
38951
31614
36508
30754
33808
33218
32739
34095
32895
37969
34949
37993
37714
36213
37985
32201
36873
30808
39934
33659
33774
35997
33081
31442
37256
33114
39473
33994
36434
31074
39126
33266
32101
38689
36460
32158
33600
32725
38477
36160
31847
30316
36373
37482
36328
36862
30859
30085
36297
30858
30232
37049
34191
35241
39448
37468
32278
30775
37878
38692
31974
30778
33217
31121
38912
38037
39091
37033
35864
34174
34338
31912
39900
38899
32598
36642
39812
31594
31933
31568
34741
30533
35501
38929
35208
35611
35947
38433
33289
38976
38182
31871
39557
34153
37449
36562
30583
38374
32194
34173
32302
34671
34144
30974
31332
30014
31211
37960
38468
33269
32381
34434
36007
32095
37549
36612
33288
30997
39456
33619
32916
33740
39311
36837
33470
32061
32481
34993
33211
39201
35694
36581
33285
31159
32635
33282
38215
30763
30492
32883
36118
39680
36059
37860
30992
31288
36336
36274
34666
32978
35201
34929
36583
39908
34717
30817
35429
33468
36894
35829
37807
36825
39316
31401
35678
36754
35957
34334
36048
35702
32698
32374
33547
30519
35611
38280
38947
34611
38893
34135
34420
38415
38489
33387
39401
39037
36914
36771
39276
33658
34544
39618
32801
32883
32750
32349
33164
39580
34634
32928
31897
35988
39861
39964
34453
36839
31071
37760
31233
39098
30734
30141
38041
39534
38932
38129
35547
39800
34523
37693
38177
34945
34420
37659
39052
35372
38316
34646
39063
34115
39049
31410
35022
31036
32075
37315
33893
33017
30967
34863
37586
34589
39778
34146
35509
36520
37180
37896
30150
30889
31809
33425
34319
39885
32991
34121
37360
32170
36131
32451
31656
35020
37424
38416
30019
32663
38287
32272
39232
31218
35925
38020
34873
38507
32758
34594
37862
32597
34143
35031
33680
36411
30725
39957
31105
36990
39065
30665
38476
37063
31777
38789
32006
33483
36293
34117
32452
31743
39592
39423
33589
38355
34771
31398
38354
33134
34142
39700
36270
31624
32728
31970
38827
33793
35453
31237
37855
38941
31137
33557
35608
38273
36462
37984
34283
36052
33488
37965
36984
37356
35019
33153
31783
35554
33138
33271
35439
35386
37549
31132
33607
38175
32059
30240
39890
34180
39443
33476
37001
33301
37251
33296
39434
39480
39692
30592
38583
35978
33612
38932
38019
38435
39824
33202
38783
30119
34563
36888
31952
39087
39661
30191
38522
30136
34213
31947
34660
35334
34955
31957
33786
35727
37344
36722
35613
33346
34432
30833
36253
37048
36020
38262
32832
37923
36282
32720
30653
39988
34099
33841
30887
39748
36643
36497
32015
33782
33443
33779
38803
37037
35102
30338
38458
35684
38105
31648
34789
37546
34774
36519
37711
39929
35296
34708
37204
39417
36977
38827
38002
30706
34411
39937
33669
31836
33056
39165
36503
31376
37909
33492
32749
38992
38387
32463
30970
34657
30328
33966
35108
33290
36104
31489
32769
30997
34233
32277
33558
36323
30594
35666
31928
34876
34384
33563
33915
38559
33278
30490
37399
31249
33907
38909
31074
31219
35747
36665
38178
36864
38765
37276
37222
36345
37768
30541
33456
33685
39312
30480
31593
33505
30207
39962
32466
34133
30224
36560
33690
34130
35412
32128
37179
30389
32595
39410
34385
36962
30094
32575
33535
32469
34477
35002
31803
30569
38234
36860
39341
32313
38676
37068
31421
31431
34073
39078
39537
33601
39064
37588
32274
38552
37711
33779
31959
39534
39224
39931
33704
38081
38354
30426
39291
33295
39694
35009
39549
33927
32764
31954
35353
38429
32616
33284
39196
32833
38925
31570
36395
38855
35066
37999
37412
34888
37485
34366
30561
30754
34867
37456
37354
32961
36010
32863
31189
31038
35161
36724
33695
37025
33577
38082
32102
39647
36542
31601
35258
31848
35757
30248
35571
35387
38023
30201
39083
39039
32527
35718
36092
37541
30643
30009
30346
36907
34143
39247
35663
37977
39997
30757
35027
34126
32512
33188
38709
30986
36468
35968
34757
35672
38119
37727
37327
30569
34465
38532
35754
32017
35019
38751
30013
37398
34452
38152
36259
35046
38969
32463
39535
30189
34044
31017
39384
36685
36201
38333
38117
38705
36984
34557
30796
38713
32907
34488
30594
38112
31264
32628
33141
34722
37956
32152
38709
36925
30198
38975
31627
37725
33888
38227
32212
33263
32725
39331
37674
39369
33730
37623
34924
36642
31741
35003
30064
39237
33657
39432
36428
35034
31732
33290
35471
35219
34056
33557
32567
39409
39520
32594
32824
38418
34017
36891
30384
30510
34396
32567
38382
38581
36805
30645
35696
35054
36425
32149
30967
38520
36330
32938
33953
31118
34229
30854
39238
38508
37179
33236
37543
34910
36022
31143
35449
34118
33236
37749
35219
33678
30197
32249
32578
33490
32420
37397
31798
31952
34237
38294
34267
32501
37607
32421
38807
30879
33265
36063
39467
38807
36246
30271
39237
32850
31998
30269
36211
38243
33725
35848
32064
36163
36408
36678
31428
39553
38022
35717
34708
36940
33872
35932
36215
35927
35682
30384
34093
38025
33105
33432
38468
34320
31648
31243
39464
37100
37663
33126
37311
36035
38011
31291
32639
38726
39304
35552
36206
34543
39179
31221
33847
37552
39997
32998
34185
39008
33546
34980
33824
32420
33869
37119
37104
34517
34168
31407
35327
33568
32879
36866
33332
32461
33502
31043
39736
37699
32503
37082
30800
37070
39741
39728
36893
38094
36229
30615
34813
36567
34786
33066
38869
39545
30141
39296
38542
39908
36393
38379
30790
30289
31389
31640
30618
32609
39533
33240
34415
35704
36827
37615
36724
37613
34512
32194
32612
30976
30614
33332
34624
39687
31871
35758
35405
32466
32065
31013
34520
34319
36632
38315
30748
30009
37537
32087
39162
34596
36906
33996
35704
34865
32648
33751
30627
32039
34411
32146
36174
30553
33607
31874
33175
39865
36944
36491
35858
36292
38957
35574
34101
39666
35334
34595
37602
35277
35506
31327
36991
34962
39929
36706
32792
32518
34747
36961
34303
37631
34143
35610
36977
39463
38547
38384
38684
35661
35114
31575
32357
35138
35402
34400
34937
33231
33999
39000
30328
36029
31040
37461
37049
36575
30959
33856
39730
39425
39666
30710
37201
31615
32361
33545
38969
37464
34640
34167
36168
31848
30248
33250
32673
31594
39860
35402
37027
37440
36599
35398
36053
39680
35672
32559
36584
39025
37443
31330
32627
30489
35561
30073
31434
32183
34333
36774
33473
32773
32432
39933
38075
31063
33257
35243
38675
38678
35770
33847
38976
32132
33491
35926
34124
33708
33459
34157
39030
31532
31457
35213
39346
37965
34553
33853
39291
32020
37107
33416
34506
35903
31793
38543
37422
37957
32892
30824
37272
34309
35153
35732
36757
39342
37833
39668
32684
30744
30203
39253
38393
38342
31750
31101
31702
37172
37587
39204
33243
34326
37182
38816
36600
36000
32393
30252
33428
35846
39036
33368
33860
38262
34715
33648
34967
30571
34502
33837
37738
36161
35186
30796
36139
36629
38283
35908
30162
34708
31783
38747
38455
31347
30668
37978
35131
39684
36681
30456
39648
35860
38489
39403
38274
31636
34450
35152
30593
36564
31509
37462
34733
38158
35392
36686
30572
36893
39271
32168
31037
39163
30287
30193
37796
35397
35954
30498
39133
32382
35360
39929
34609
38596
33263
34172
33229
38813
38747
33633
39265
39584
33913
37563
32625
30352
32242
31262
38724
35862
30723
34847
36185
34330
34627
38455
39350
32382
38876
37992
36626
32171
35373
37577
34944
38266
31376
39690
35271
31924
39989
31688
34020
38189
30242
37837
30452
36864
30817
39304
30740
31895
38482
30649
35204
34917
39568
30276
36422
37829
30379
34032
32436
36114
30375
35673
31028
39346
30134
35300
38225
37811
34657
36984
36559
34504
31404
39836
36408
39907
31590
32517
36759
32878
32771
39817
30129
34765
30463
31341
30051
35408
36689
36574
38517
39095
33714
37608
35113
35733
31932
30725
39139
37490
31939
30629
31010
34002
32104
36654
39414
39872
34655
38536
36300
36626
35228
30446
32635
37556
33105
35900
34016
37960
31973
32890
36775
35162
33908
38131
31958
32388
32540
31633
36734
38112
34827
38043
30186
37774
34764
39102
33190
37922
36452
32412
30151
33784
38450
35290
33726
30026
36087
38885
32354
31022
33506
37004
34389
31360
32628
36093
31972
39488
31892
37687
32351
37428
33722
32327
34344
37307
35932
34394
32830
31071
38997
30609
34747
33227
38034
31060
35940
37681
35647
30531
39358
38850
39343
39618
31633
34074
35170
39696
36840
39081
37383
33103
33396
30752
32541
30130
32446
31759
35207
37330
33869
39781
31613
37499
39060
39961
37118
30243
38040
33009
33028
33494
32097
32948
38477
30545
32198
37862
33438
34230
37666
34232
39653
39711
39291
30423
37317
30020
35918
37734
36645
33973
33860
38042
35156
34355
33982
35522
33421
35398
32215
36191
34330
32471
35420
33090
33510
33645
36016
36795
31422
32325
35602
30673
30886
32504
39916
37767
37302
33351
34909
31559
32683
37832
36444
35966
38743
30845
34208
30877
38784
35969
33778
38314
32861
36318
39469
30846
35815
34249
34582
38296
33175
36686
34982
30957
35592
37702
36563
37562
38575
37637
37055
34057
30551
38547
37924
34871
38983
39028
32624
31826
31214
37589
33359
37087
33993
32671
39685
35612
33209
39099
38773
39476
33292
35347
38964
31105
33906
33303
35378
35000
30141
32414
38733
37823
31190
33068
36335
34870
31703
39844
37189
36900
39420
33888
31606
35051
32515
35061
39322
33129
30111
38772
39175
35972
39890
39407
37658
39757
37375
32144
33309
35149
32535
37615
38823
37001
30666
39334
33017
34960
36177
32114
30324
37762
39859
30796
36381
30292
32487
32538
34453
36511
30213
32619
38902
33287
30085
33279
38761
39825
37250
37454
36555
34916
38929
34437
34971
39558
34087
32462
36690
35608
31858
34029
30788
32109
36272
33358
32458
39655
39591
31789
31484
39771
31644
36188
38921
30626
37970
37431
30696
32640
35274
30915
31515
37513
38732
38710
32344
32059
32021
33419
30021
33842
37601
37146
38075
39069
31731
35029
33717
34457
35989
31755
37158
33845
34637
31166
35869
37233
35095
33633
38244
34605
36980
33213
38228
39416
33694
36766
34891
36945
39407
30214
38701
30833
33394
32884
39287
37106
33175
39492
37848
38699
37671
30751
31072
35121
31694
37800
32382
31233
33446
32701
30679
36342
37474
37099
36329
39828
36511
33808
39105
32303
36977
31570
33015
31991
34589
31515
38527
34416
38451
34956
33541
39779
34315
36086
30679
36459
30255
39837
39913
30964
30920
34737
32402
34348
39732
32944
33490
32645
31927
34782
30280
34148
35168
33113
31915
39544
38627
33659
38780
31830
35861
30967
30188
31705
31633
36183
38804
30720
37858
31950
34056
38819
39308
31879
36078
35139
35389
36797
36371
30916
30340
37741
31273
31194
30539
36050
39591
37635
34265
34280
36298
38214
36195
37716
30077
30809
36231
35195
33651
36790
39811
39676
32366
37585
34771
33539
38268
31904
38028
30940
34065
33809
33901
39719
33763
32131
34687
38350
34545
39903
33313
39178
37486
38370
37278
37839
33093
33959
32959
30126
31313
38106
39356
31839
34684
39276
30818
34154
37567
33657
38974
36943
34045
36068
35122
35097
32008
35399
35665
38428
31163
39571
34851
33986
38287
33433
31008
30732
33911
39269
34767
30453
30781
33681
30333
35488
35959
36474
33787
33424
35235
36883
35584
31226
30615
39985
37977
36472
39111
31466
31892
31327
33785
32041
31966
35659
36063
33776
32898
39352
31699
39319
35054
30238
31456
31631
32349
33329
31568
36169
30820
39061
38336
39690
32037
33111
35853
39852
31508
38031
35774
37601
38579
37395
33283
39974
30979
36472
33986
34407
34116
39525
32307
36860
32528
32755
33156
35197
38443
33652
35140
36091
30347
32027
35368
38462
32627
35380
33060
38935
35924
31412
31559
35149
36635
33473
36124
30881
33169
30516
37916
32871
36028
31753
32973
33032
38553
37604
38630
31273
35251
32767
38878
33554
35057
34286
34402
37007
37552
37332
32706
38926
31210
34081
38650
39310
34088
36572
35951
37211
39007
32686
35793
39651
37239
35522
39514
38077
37007
30330
38561
31432
35672
39931
36382
36791
37383
39043
33715
38206
31205
30340
30882
31916
38225
30197
38110
31410
30002
30056
37651
38939
34882
30181
39514
31067
33130
36105
36026
34547
36635
34548
39083
35448
34036
34786
37970
38789
37477
33486
34923
38166
32969
35907
30239
34851
32310
33980
38646
33679
30889
32326
33929
38654
32331
36496
39325
34675
37903
33873
37082
33022
35900
36555
31786
37325
33769
37285
38500
33635
33691
34039
38621
32871
30502
36221
33443
36497
39391
35585
37859
36526
39630
37996
34378
39145
39762
37913
30700
37172
39123
36099
32428
30320
30339
32452
36227
33822
37558
30126
37693
35344
35552
34096
32510
37329
35532
37215
39119
36904
34579
39466
36013
38314
36885
31580
37053
33491
36693
32502
33729
34792
34754
31263
34177
30214
32414
37764
34942
35475
30019
33686
32957
39206
39244
34272
32039
37226
32148
34122
30297
39366
33277
35248
32292
37635
35015
33673
32544
37650
30469
31608
35003
36208
32706
35863
36514
36638
33870
39559
30950
30126
32860
33445
34706
35617
35586
35144
33537
33073
37587
39530
35362
34889
34782
31096
33558
38088
34494
39630
30545
35542
35500
33851
31996
37933
32869
33720
37886
39405
30583
31066
37771
38946
32550
39928
34184
36420
30507
32495
39846
36858
35530
33943
31500
39147
38390
39583
35612
35548
32827
30748
38930
36642
34981
31616
39953
32220
31661
37781
35704
32420
39917
38794
31928
34964
30484
31128
33788
33743
38030
35061
38459
31199
31893
38831
30645
31951
31997
36059
36953
37951
35966
37950
35324
36066
35130
30048
31272
37461
39066
34433
33537
34389
30578
32153
37962
34087
35649
37441
39888
31336
35745
34773
32151
30989
33112
32195
37926
39209
33204
39523
35040
37560
32223
37965
31175
37157
31908
38549
37392
31089
38174
30302
30811
32038
34965
35571
35940
38630
39789
39101
38151
38410
32792
39499
32119
37551
36941
36615
32615
37389
32923
35988
35050
35746
38692
32011
38324
36578
30251
34768
33174
34979
37222
31563
35007
35818
34023
33115
31461
33339
35073
36103
31365
35974
30338
38293
33610
35286
35738
39814
31575
30482
31473
34353
31136
30263
30158
36974
38083
31893
35801
31098
33787
33347
34140
35749
36355
38125
34602
35607
38175
33917
34259
30645
39755
35671
34554
39137
34063
30824
32260
37710
35205
39466
37194
34771
30192
35020
30518
39092
32800
31660
39129
33669
34095
33149
33584
36053
35036
34010
39303
30249
32784
38051
33362
32052
33813
31120
32096
39182
33738
34674
37951
39974
35890
34267
37541
39520
38107
32360
36696
30135
39939
38019
32468
33842
30540
36985
36483
38138
30875
34390
38839
32737
32554
38934
36818
34210
39615
31752
38080
37497
38853
35377
33734
38088
38945
38223
32693
36368
38528
37834
35058
36089
38645
31774
38940
32204
35527
38497
32077
39443
35540
31765
36881
31879
35327
31292
35151
35498
36645
39146
36565
30311
37220
36151
33303
35897
36066
35048
31655
34447
34120
37476
30328
38335
38821
39990
34284
35062
34306
30270
32460
30989
37240
38428
37418
36721
32030
39912
35139
31221
38117
35870
33528
38757
36379
34047
38911
32674
31275
38292
30863
32618
30323
37579
37004
37333
32699
36073
31086
33436
34363
34232
39621
31683
37922
37178
34606
36159
31684
30662
32482
38538
33800
36817
32346
39116
34229
31596
39667
38667
39366
33308
35282
30344
31615
36971
33277
38802
38912
32362
35506
34554
37299
34555
34982
35132
32967
34535
35125
31063
38913
34022
36964
33897
35334
33044
31769
35561
32169
30961
32319
33164
36856
31709
32018
31055
30270
31788
37442
32399
39066
35215
36507
35846
33218
33055
31443
38942
33387
36449
33029
38893
33956
31106
30120
32966
34058
38108
36405
35404
30730
30586
34551
35043
35430
38337
36414
38020
37618
32753
36818
32910
36812
32599
37583
31439
37610
37092
37920
36530
30526
36518
37103
30819
35174
32187
35406
33062
31331
36905
39692
36834
37708
34347
30774
35834
37887
30722
30659
32718
37806
34947
39162
33919
39421
34176
30989
31150
30737
39971
36388
31425
33252
36696
30715
31342
34062
37725
30860
38086
31350
37011
39383
39169
38800
33204
30412
35271
36590
31048
34888
35700
34054
30090
36585
34000
31852
33890
34468
31980
39516
33844
31421
34082
37658
30510
34167
30411
32759
31890
34272
35953
36481
32513
35521
35593
30741
39349
38697
39352
34410
30611
30785
39967
37421
31309
31971
35394
33327
35058
30482
32108
31906
35105
32233
31182
39258
38769
39554
38042
34056
38589
30845
38526
35072
30353
30915
38405
36937
32857
39962
30895
38179
36788
37691
36831
38058
30421
37887
35190
36404
37957
37935
37388
33792
32298
37220
37442
37685
37780
38111
31438
33905
39991
33366
34041
31781
39163
34124
36760
35596
30837
33426
32593
34631
32494
31203
34292
38972
37703
38005
39008
38546
39910
36410
30340
38370
36511
30998
39921
33886
30061
30074
34611
36434
37552
34872
32048
30396
30605
34933
36916
30371
39082
31489
32573
38851
38151
34279
37900
32286
34171
31016
37183
36197
37874
32887
31643
38029
34280
33950
34828
39824
37549
37025
30493
31450
35539
33811
30834
39158
33206
32331
34974
33487
36220
30524
32450
35225
36143
30844
34128
37996
36353
37044
33440
31351
33531
30982
34134
38741
32986
34260
36825
30668
37321
36754
35565
34453
37060
31713
37363
38583
38698
34989
32129
31381
30365
34163
37887
30884
37789
31888
36242
35233
33564
36565
36085
30626
30873
32669
39298
36940
38761
32459
30836
39497
39799
30605
36969
39145
32583
33353
39698
31786
30854
34240
32405
32833
38263
39096
31647
31653
32796
34075
32666
36021
37684
31821
31677
36838
36291
32510
36263
38911
36882
38464
36356
34495
39468
33336
32131
32438
30968
39419
31942
37300
36829
39558
32907
39604
36948
33353
39154
30498
31227
30842
37856
31539
35431
30737
31216
33068
31161
34383
33297
32675
34676
31120
34253
38647
38087
35468
30878
31966
32985
31677
31663
34398
30995
36535
36563
39568
37891
37101
36549
38473
37966
36008
35666
30880
33138
33338
38822
39240
36936
30714
31796
32368
36919
30237
36076
31938
30401
38140
30057
36095
37348
30638
39829
30922
31280
37358
37365
32349
33647
35934
31243
38168
39674
39872
35218
32307
34028
30660
32920
31191
32729
34199
32784
35134
33735
31140
35865
36048
32356
30463
30657
36430
39232
35722
33238
33597
38008
33794
38116
37453
37009
36662
34979
39655
34259
37819
39269
37021
37988
36175
39916
32240
35406
32040
35907
30503
30998
31700
34454
31553
31811
39372
37424
32827
31305
37927
39453
30857
35230
32659
30674
34907
32657
35606
39384
38935
32835
31424
35087
35412
33845
39696
30382
37268
32168
32666
30921
32280
33233
31880
36278
37618
31751
31982
30986
30903
37250
34990
34227
38169
34571
33805
38697
38390
31310
39383
34028
38888
34185
32054
37811
35825
34143
33805
37740
39281
35645
34970
31693
32928
39013
35778
38681
34198
35998
30439
32463
32045
37790
39060
31441
35850
31562
30594
32883
30869
36373
38202
36981
32717
31725
36973
36327
35815
32419
32757
39437
38491
31479
30028
32693
30451
38863
36162
33721
36732
37428
39275
30597
35917
39215
36859
35533
39395
34479
32878
38720
32734
33091
31655
37867
39897
32966
37945
31634
35911
32972
33905
30634
33880
38415
35335
37985
37783
35660
31518
32480
33342
38679
35261
31363
35477
34408
32348
36430
32296
35681
32475
36725
32432
30196
37004
33425
34623
31479
32336
37713
35873
33147
31613
30382
37281
30886
31532
32726
34669
37532
35583
31867
34533
35368
39761
30091
34479
36367
31895
36980
31366
35450
31153
35192
39604
34062
39974
35561
36756
31355
36721
34898
33454
38105
33671
30308
39941
34106
31631
37156
32053
33258
39396
33925
35382
31802
33586
36085
37488
34234
31943
32882
34559
38325
31104
35432
30716
35349
38049
31907
35268
34170
32983
35744
35657
38100
30212
35792
31601
31650
32746
33097
38960
30169
35828
37639
30247
39190
34343
39743
32385
31820
39170
35120
31293
31943
37921
39523
37198
38161
36253
38878
34195
38445
36922
33396
32497
38254
35127
39654
32065
35550
30323
32941
31880
34552
36632
33243
39952
36359
36297
32175
35383
38628
33159
34892
35275
38376
36083
30547
36075
31689
35450
37229
31080
31613
39351
32458
33259
30833
39984
38330
35272
38878
34866
31148
36658
34542
31980
39025
31493
32963
32717
37322
38531
33379
31565
31044
39819
37968
36928
35342
33104
34366
33130
30108
37921
34479
39710
32364
35259
30021
30440
30559
35867
30835
31166
38242
32873
35531
32505
30636
30234
35198
30732
36575
39727
30040
37777
30003
35673
35674
39132
39738
38408
30516
36703
33619
34618
38185
32157
33244
35106
39197
35160
38559
38279
34339
30032
37299
30725
38065
33838
32892
34599
34016
38685
35898
35227
36346
31090
38202
31336
39899
31692
36308
34611
39506
39286
39870
34922
33670
34182
34295
32455
30711
37231
31716
38285
36114
32514
32946
30421
38242
33658
34088
33276
35836
35988
35440
34655
34829
39364
37019
35883
33831
39398
34607
37474
37393
38000
32540
34880
33635
37707
34651
36274
38156
38080
32758
37089
39277
36639
32855
34058
30615
31224
32797
34910
35756
35471
31659
38512
36339
34194
30205
34290
39285
30815
33921
39027
31076
34755
34926
33785
37006
32685
36750
33600
31147
33889
36440
37891
38423
36633
31736
30008
33595
39419
37182
30301
33270
38241
31942
38185
36073
38578
33817
35249
33038
38764
38507
33205
34949
39545
30506
37619
35895
33212
32205
30801
32594
34509
30728
34961
37218
34652
37829
39805
37344
39296
36799
37102
30476
31030
31720
38459
32100
37078
38648
31500
35666
33296
35338
33985
30047
36236
35992
35006
35065
36124
30173
37330
38480
34882
30477
35209
38485
35011
31901
37524
34184
37110
36906
37018
32791
36053
34092
32527
36383
38490
35160
32643
32884
37171
34349
36015
35700
30860
36892
35654
33893
32101
38222
31995
30132
38948
33612
32260
36790
30914
38742
31674
31490
33865
35270
35498
32167
33359
31938
39497
38309
31006
30915
30469
39382
33840
31180
37757
33681
32405
35557
31304
30830
39276
35701
31708
39001
36071
39816
33024
33532
33676
31153
39576
37095
37355
31472
33938
32797
35688
32545
34403
30712
39886
30508
36775
35165
37920
32421
37115
34858
36105
31748
39181
30368
39330
39613
32752
33936
39945
31703
36768
34530
34461
36446
34251
37188
36703
38714
34375
39335
35818
34722
30715
38398
37619
37995
33694
34388
38175
33353
39572
38341
39231
35685
37933
32499
36105
32978
34538
30957
30021
38507
36692
30111
38503
35435
33803
36718
39402
38126
36686
37604
36424
38419
35350
39172
36590
31830
36508
36697
32993
38195
38826
33139
39385
33610
36088
34681
36698
35706
35865
35534
35411
32257
33997
37698
31837
33931
33306
32288
30857
35572
38281
37810
32430
36848
36180
37361
34248
32293
38981
31064
38364
32850
39921
32305
35286
35838
32994
36297
35071
37966
33681
37359
31314
36466
34459
36899
30528
36736
39187
37562
36427
30958
36309
30258
35863
31100
32042
39843
30768
31421
31170
32128
38360
30143
34888
39586
30065
37316
32269
35624
38155
36053
34339
37625
37928
37306
37502
37091
32401
34138
36110
31161
35963
30038
32345
33560
33204
37268
35248
34568
39223
35443
39757
39030
38113
37573
30873
38578
37055
30680
37747
39290
34447
30759
37361
38799
31864
37294
37768
37513
31265
30904
36365
37066
30851
38719
39594
35350
35247
36062
36595
31588
38245
39709
30864
36753
39293
37548
30778
34372
38081
31813
31929
34240
35121
38242
31699
36896
30066
31471
39192
39852
33645
37774
31747
37516
33554
39870
32588
35500
39444
34929
32874
36578
37191
36123
35381
39957
38088
30138
36389
37705
34253
37896
36925
32197
37626
33395
34486
36258
36224
36086
31572
33328
38010
35457
37944
38412
39651
32630
39380
31827
34767
32674
36882
36863
33815
33071
36785
39321
35681
38315
34017
31615
39255
37973
37905
36628
31792
35715
32308
36827
39693
39774
39644
32287
36502
31121
31423
37212
32379
34208
36242
38311
39058
36578
39929
39948
34425
37861
31460
30379
31227
35695
32630
30584
35137
36000
39046
32202
38436
37670
34953
33922
36904
37243
34651
36284
39162
37395
38811
33336
39673
34196
34866
35804
38880
32016
36849
34533
36557
31644
31527
34856
37337
36787
34488
32194
30605
36406
31976
36760
30459
35572
31677
30511
35286
35451
38418
32674
30662
33852
38784
31067
33709
31376
32055
35246
31875
34578
33510
34050
34135
36855
30158
34508
38051
39733
38276
31276
31815
32149
36725
35768
36455
32945
39963
31992
39679
32288
39920
31700
39530
31015
36447
34945
32943
33020
31928
33376
31616
34688
36822
32680
35144
37138
39402
37461
39318
31555
34742
36558
35659
35271
35170
39291
36813
36393
36777
33464
31250
37761
34361
34079
39882
36841
30223
37675
36654
36704
30608
30947
34958
34723
37251
33882
31786
39781
30508
37044
31975
35896
34830
39819
35561
39957
36986
31447
32319
33967
32335
39501
38907
37674
34741
31089
35647
35721
31238
30523
31983
34611
33429
33435
31894
38628
33823
31418
33156
30647
36746
33135
37229
33270
30316
37539
39765
38089
38086
32375
35263
36042
36353
36434
33220
39806
35931
37162
37300
39974
35199
36217
33475
30338
34625
34256
37911
34044
31639
32879
30403
31606
38729
35989
34627
33799
36941
35044
32127
37306
31577
32696
33038
38675
36816
37119
32835
32599
31241
34967
31084
33839
36788
34347
35120
38202
39534
30475
38836
36918
31881
35708
34397
30465
32235
32585
32543
32460
30045
33164
35407
31555
31199
30474
34248
39484
31233
38219
33385
36336
31498
32998
30747
39969
36541
39270
34894
35049
39288
31025
38198
38629
34323
35728
35892
33403
38534
35458
31153
36832
32705
37379
37058
34157
37279
30684
37307
36013
30397
39973
38916
36821
36617
35667
31761
38426
30234
30502
31800
34558
38018
37412
37075
35601
32344
38165
38199
39896
37200
34039
37910
37335
36369
39471
37517
33352
35175
37171
31547
36599
34646
38476
35792
31565
39668
35884
38059
38178
30768
35626
35408
34050
32547
36934
36451
31429
30431
31177
32344
30159
31445
38493
35532
39980
33987
31672
30998
30366
36222
37112
30817
33746
32622
30454
39120
38464
33455
30151
31258
31087
32555
35689
37899
33791
34586
38391
32069
31491
34194
31875
34742
35066
35932
36056
32469
31607
35652
33317
38783
39960
31184
37983
39593
39989
32530
30535
31661
36984
39584
36150
32390
38408
38398
33100
38602
38804
35435
30298
31785
30075
32876
34852
37355
38592
37104
39874
35891
37634
36729
39994
35011
33494
36195
37019
31573
36269
35901
31032
35248
31837
30038
32826
36131
39782
38885
32038
31038
33171
33176
31601
35418
39989
34358
33205
30364
32737
36002
30341
37162
32298
38493
35193
34969
34474
31212
33176
30787
32797
33847
34212
34700
39171
31248
32979
37526
34729
34262
31343
32461
36843
32377
34883
37108
34689
32675
32065
37332
34961
33588
38934
39816
31400
31263
34458
35886
36620
30959
31598
35198
32424
35825
37071
34241
35243
30663
38351
31222
36643
38827
39924
35896
34942
36280
32087
30168
32890
38020
34617
32872
38118
38569
34556
30044
37552
30036
32036
30220
34412
38374
30573
32807
36513
30893
38616
36414
37606
35828
37211
33194
39288
37813
34654
34683
39572
31507
32717
34437
35694
39258
30629
32811
32880
37717
32369
39663
37916
32623
30028
31453
36155
30559
31006
30254
33305
31475
39635
33497
38791
35949
34451
34973
35786
36767
30776
39517
34127
35251
34563
36133
36201
38933
37478
36858
32679
38695
35135
31600
34451
30283
30040
32380
39529
37225
38370
33923
38791
39615
34972
31420
32483
35972
34162
30377
30121
33443
34797
37990
30091
34977
36903
30208
31633
30780
33672
33767
31129
35372
37051
37871
36660
30859
37333
35898
39651
31640
37179
33548
30078
35739
38307
36180
32210
33150
34732
34737
31122
32182
39892
36630
36350
30618
36224
35200
37950
39733
34878
39006
31963
35655
30091
30054
36827
34410
37473
38301
39628
34075
37946
38310
31262
39916
39424
32757
32521
36121
36431
36627
38967
30795
33805
35443
30998
39271
34430
30588
36973
34436
32446
34924
31465
31803
32841
32276
37767
31349
35480
35068
33617
37754
36645
35449
31791
35618
33996
36532
32665
36472
31494
32092
34169
39954
39249
34955
35642
32398
39558
36644
36000
32252
34435
33412
33399
33253
31837
36682
33069
33075
37483
39158
32377
37299
36677
31359
37341
35977
35851
37201
32777
32821
36716
31376
39078
35072
36803
35751
32209
35517
38989
36789
39925
36772
39140
31073
36441
31943
35403
31422
39838
35111
34865
31793
31331
39677
33331
35197
33183
32546
31755
35191
32560
37380
38537
38152
31867
30687
30318
30519
32255
30408
35161
32443
35860
37828
31115
36888
34112
30132
39990
31125
33943
32734
30917
35759
31117
37650
30749
34987
30048
36561
38681
30577
32461
35036
30629
31248
33033
37351
34812
38587
38767
39800
33782
30381
30252
33998
39697
32380
37210
30722
39012
39876
37756
39116
39986
31190
30650
35718
31384
36220
32502
32698
33589
34497
37359
34914
33983
38880
34388
31012
36874
32968
30474
34578
34545
32586
38500
37620
30037
34282
38740
30084
34187
36700
30401
35951
39128
33861
32674
38573
37969
32958
39811
35332
35700
33069
32744
34459
39500
35374
30551
34899
37563
39899
38653
33473
34336
38602
37082
32300
36619
39702
31345
33377
39372
33536
30494
36599
32256
35981
31824
32036
37975
31440
39313
37300
31271
33807
33398
36000
33079
30401
32949
33906
37810
30881
36433
35264
32954
30390
38162
32920
39292
33787
37241
32371
36900
35717
31392
31712
36791
39480
35177
36516
30579
36185
32286
31161
30869
34537
34576
35828
33200
30702
36302
31480
36316
37222
30604
33472
31316
39675
36722
38151
31788
39894
30645
35768
36424
34949
38932
37375
32814
31803
35311
32948
36119
38593
32315
32950
39150
34810
35691
35763
31017
34316
37626
39001
39952
37077
35923
33560
32176
37808
30172
35462
32752
32252
32710
32027
36246
34787
31678
35736
34714
34201
35864
31245
38066
38050
36166
38445
37131
39824
36492
37232
32944
37310
37721
37671
36662
34991
31920
32627
33335
38113
30472
38627
39269
31128
38953
34684
37162
38617
33664
38147
35341
32520
39586
31243
37481
35533
37149
31921
36968
36836
35749
37838
35742
33009
35166
32897
30864
33935
32206
31609
33355
30745
38753
37740
32885
30497
39190
30177
38797
30133
39642
30791
32652
30496
38899
36151
39979
39713
30994
37415
39230
34075
32431
30432
34109
33721
32818
31175
31345
39853
36278
39974
39771
30040
32433
31719
38133
38203
39965
38164
38443
36316
32819
32822
38868
35541
38953
38495
35192
35554
34214
32481
32672
32168
39391
34687
30767
34968
36799
39476
31669
38700
33828
32919
39804
34370
34838
33318
33562
38627
39484
34349
32397
32910
35107
37000
32118
37035
33182
38569
38735
35425
34976
34452
36516
38044
39544
31167
39047
32212
37995
37130
33069
35983
31546
31069
33574
38498
37321
36640
35260
37854
35044
35803
39800
32405
39864
32823
30592
37122
31362
35377
36664
32696
36475
39200
35222
31359
34554
37905
37984
30088
36048
30212
39856
38801
32432
32671
39815
38427
33881
37142
32878
31339
32967
38786
38973
34510
37141
32162
39193
33994
30164
30086
32439
37843
32794
32395
35765
33407
36009
39468
39895
34128
35853
38424
37313
30389
37596
38298
34084
38760
38283
34146
38158
34071
31032
39068
36256
39138
31423
37398
38686
37689
36216
31969
36394
37057
37282
33266
37410
38539
39108
38537
30477
34991
36548
34485
32096
37157
30570
38037
39477
32548
33673
35852
35956
33241
33402
34755
37346
31878
31875
32056
37347
38375
31656
36855
37691
33339
33416
30858
33986
38078
38840
39972
31387
35194
33011
36010
35140
38232
34112
31193
39840
33646
34705
36842
37771
33406
38062
31607
31135
31979
35086
33939
35115
37145
32189
38076
38787
30110
38176
32796
38666
36734
38667
37390
35334
38336
39852
39896
37052
37497
39514
38485
35482
31567
32151
38096
37766
34158
36747
30865
36046
32824
30314
30761
30241
39309
37644
39910
32399
37312
37911
36540
31236
31520
31705
32234
33668
30830
37910
39210
36015
38135
38408
36742
31391
38832
30027
39497
31296
30288
37373
39567
38874
34913
37226
38287
38443
30183
35033
33535
30961
30013
36708
33149
37876
33171
34405
35345
36462
36130
33245
32573
38190
39667
37071
36101
37942
30829
35209
34843
35933
34452
38971
33376
36121
31336
36147
30962
34548
33380
34103
35472
38594
39507
37262
33538
33432
30055
32735
31038
35107
31460
38634
36039
30614
37496
33236
39703
34114
38162
39554
39356
34992
32336
39118
31899
37837
35757
30804
35051
36650
31601
35395
38533
35562
36921
34245
37238
36193
34595
30862
33669
37395
37042
37561
37489
36598
34945
35394
35893
33200
31508
34517
39693
33553
30326
33868
36512
33954
32890
33565
34268
32758
39927
30803
35268
35242
39318
30175
33658
35164
32180
32335
36711
35110
37825
30717
33508
33635
37800
34603
32914
31022
38965
38271
36454
36993
35669
30182
30680
33128
31477
33189
37917
39945
31610
36627
33915
33578
38300
33785
35843
39846
32583
33763
34327
34111
37715
34990
38775
33791
31351
38795
36107
36642
35913
35328
39192
32003
39143
30864
32777
34073
39766
35068
31521
35998
36362
39131
36842
31053
31109
30894
36733
32506
33877
31000
35436
36928
36300
34959
37942
36614
39933
39580
37608
35578
37361
38653
33925
30121
30221
31989
31415
39401
33494
33968
39961
33573
31150
32600
31499
37147
34237
37773
37923
32957
38851
37826
30295
37841
38080
36891
30026
34528
38964
31556
38542
35511
32806
34291
33143
33754
34737
32836
33260
31960
36359
39279
33108
36840
33483
39895
33864
37300
39522
37016
30927
35830
33927
37127
39563
30476
34198
35234
35289
30737
39492
34114
33724
34506
33581
38478
38318
34701
35053
38319
33358
33673
33003
32754
33961
30636
37204
35514
34388
32376
32757
35909
30930
30352
30572
34577
35876
37884
36666
31609
34623
39624
35230
35745
38857
31718
32712
37266
34918
35184
32724
33920
37955
36873
34490
38758
39278
32114
30782
31142
36446
30625
34789
37298
33055
32618
39221
34824
37921
35140
35093
36308
31435
39651
32100
30845
30223
30608
37272
38640
39910
31368
33664
33118
39821
38141
36282
37007
32712
34895
38105
33713
37282
32147
35129
32960
31119
30372
35686
30163
37006
34419
35914
32283
36035
38760
30276
39024
36887
34655
33232
37136
31774
39391
35815
37323
36070
34647
38721
37815
30448
35719
31764
35966
31455
35854
38048
39472
38893
30275
30075
31726
36133
32593
34122
31646
32517
32275
38719
36913
35393
35570
32816
30961
33012
33885
39306
38310
38485
32987
30005
39838
39336
33593
38852
39498
36790
38934
31186
36578
33863
37687
38211
33160
31571
31314
37490
34660
38142
33299
32224
32466
36957
34008
34354
31615
35160
39005
39129
33142
36338
30517
31666
30319
37523
31442
39252
30325
32822
38812
36653
38060
33488
38939
35541
36809
36927
39606
33305
31231
35230
35617
30958
31774
37170
32780
34636
36005
36291
31951
30294
31612
31716
39196
36553
37829
37594
30260
36426
36936
31745
37614
34631
35106
33962
36109
33558
32393
39719
38946
37595
34908
35539
39096
32501
38365
38191
32568
33767
31068
31034
38999
35505
36167
37335
31921
39304
37514
32201
35761
30707
30851
31857
39131
39484
32182
31473
34298
38717
38195
30448
30860
36856
39370
37149
37584
36390
35012
33446
30137
32517
30889
33075
34018
35320
34345
36874
31367
39330
38839
32202
37529
35093
39676
33513
38279
38354
35395
35961
31404
33845
34740
34170
37006
32281
37427
33852
39311
31155
38046
34825
39046
32176
36318
30174
39504
30817
33702
37787
31321
36291
35830
37291
30667
33534
32662
37563
33065
32267
33371
37380
30399
32064
30975
34571
31762
36492
32510
37033
39792
33863
34151
32380
32865
36909
37094
31669
30099
38764
39247
36630
30525
38074
39821
39139
39948
31726
38760
36308
39049
39740
30616
34457
34103
33204
32952
30534
37315
32762
32665
30053
37223
32162
39683
36521
30884
38608
36459
38490
38620
39281
33371
36883
39010
31273
34695
37024
36468
30399
37177
36943
36304
32880
33387
35951
32460
32717
35012
35215
31250
36749
37050
35140
30385
38814
32467
32714
36327
34246
38282
35666
34584
36009
38283
39272
36935
34167
34632
35965
36791
31112
30436
37505
38884
35988
38068
34414
32316
33098
33461
37615
36637
30724
34925
32767
39041
38744
36109
38680
37066
35730
36672
37337
35230
38773
30936
34591
35926
32199
34349
37361
34607
34540
39927
35319
36782
36665
32027
32451
39688
37796
32758
36652
34615
30295
37152
33542
36839
38577
36801
34086
38833
32256
38104
34262
39049
38752
30463
39024
32912
35952
31847
32125
34874
31268
33969
37949
30397
39416
36997
31478
34545
37633
34193
37732
39488
33642
30182
32589
36714
38679
32628
32752
30934
35161
36033
33828
31809
36140
38105
31969
36465
31632
33654
36316
30474
35079
38365
36641
37495
31747
34936
32981
38082
39719
37068
31823
36306
33239
32556
36435
38783
37701
35373
37338
34458
35276
38016
32564
35075
30316
39648
36356
35635
34042
32571
39273
31362
38748
39456
32272
32669
32779
36404
32282
32495
38868
32382
37027
30955
30088
33895
32394
30751
39614
34826
36550
32997
32781
35329
31145
37240
32509
30348
31475
31292
32063
37911
34256
36215
32333
39682
33798
39308
34341
31425
34791
33255
31515
39010
32650
32746
30445
36393
30452
30806
33258
35590
34832
35851
39560
35088
31908
37050
30964
32367
38294
39961
36633
38250
31573
36586
33964
35637
39201
34055
34580
32861
34768
33887
32130
32383
35777
39502
35049
38816
37652
33025
34377
36387
34565
33746
34048
34867
38854
39627
38605
34705
37283
30158
31223
36667
34222
33550
33133
38621
38935
33772
34063
32278
36588
33242
32138
35675
30345
35144
30848
32992
34976
35270
30160
31865
30763
37046
38594
39819
30166
34994
33208
35629
38736
31233
34817
38488
36020
36856
36489
37706
31876
35003
34381
38318
38493
35273
31327
33481
38710
39784
35233
32807
36736
39591
36288
36904
38272
36466
39307
32292
33214
39103
30060
37605
35593
34704
37393
31532
32241
36580
36127
35284
33763
35935
39250
37567
38856
31311
31776
37997
35726
32307
32761
35699
32451
35125
36468
33424
31467
36281
38412
33950
32064
37360
37128
34732
38763
38098
37897
38853
32748
37270
30378
35128
38155
30863
38118
37923
34941
34843
34258
37707
35313
35463
34386
36650
31240
33497
34477
39691
36449
30046
39104
30392
37492
30648
32726
32672
34945
31284
34724
33988
37632
34602
37101
32948
39870
37152
32266
34466
34163
38780
37167
38558
39531
33453
39189
34685
38698
36720
38703
32122
35740
38804
32901
38273
39489
33854
35678
31081
36952
35316
38695
38696
35344
34527
39474
39447
30935
34700
33412
37827
37843
35242
37926
37648
30150
32017
38604
31861
36287
37596
39189
39594
35486
31797
39498
34919
32276
36896
37987
38543
36531
33768
38538
33205
33328
34923
34285
35878
39035
37902
34815
35059
37474
37825
36909
39404
32725
31023
33147
34763
33221
32615
37166
30252
35146
39686
39119
30449
31807
38245
30001
39997
39688
36573
38866
38956
31160
39743
32724
32100
38458
30110
34880
33002
33479
36383
33852
34264
33167
39553
31644
38499
30846
37358
37102
30809
39698
30258
37374
32393
35785
30953
38075
36674
34508
36361
30652
33849
36179
35670
33671
37136
33542
30597
33257
34157
36467
34296
36774
39858
36817
33493
32963
33195
39529
34394
31240
38361
34330
36640
32608
32814
36170
31177
34742
38528
31477
37295
34213
39983
31625
31260
39491
32230
34626
34024
39450
35050
30999
38254
33387
34693
30013
35620
30237
32984
38040
