43684
46639
44688
41639
48013
45756
47922
44185
49206
41377
49162
46308
46411
44683
43901
47272
48602
44321
46400
46491
42397
43917
47108
41842
40526
45019
44331
44170
48189
47598
47508
45439
45478
44713
43062
41331
42824
42701
40198
47832
42983
43362
43266
45258
47458
49997
49338
42561
47460
44866
44499
49313
49532
41675
40020
42731
43739
43024
40071
42347
48023
49402
45905
45459
45717
43277
47555
42414
44501
49119
43009
41897
44135
47753
46546
42955
47227
41364
42462
42239
41928
43683
47769
42108
48019
48401
47611
47632
48148
47702
40133
48318
44097
41957
43307
43393
43936
41082
44843
47896
49662
47840
47731
40462
46496
43445
48156
42716
44402
46249
49617
44491
49577
44980
46898
48679
48684
49040
46213
44497
41421
49711
43339
48150
47632
47754
49833
45477
43658
44862
48517
41988
48831
48699
43366
41913
47130
43842
45629
49373
40886
43853
47571
41573
43110
42900
47579
46064
42553
48904
45527
41523
40903
43988
45292
44270
44676
42197
42084
40773
45300
48871
45884
49791
49650
40888
48662
46453
49861
42018
42310
44593
45645
43086
46256
42951
44509
42318
48563
45481
45313
47278
42002
45919
48402
46162
47060
42041
41198
42824
47137
45559
41572
46924
47279
49504
42592
47811
46730
46108
41297
48383
47286
44701
41046
43051
44016
40935
41685
42126
42218
45779
44274
43525
44693
45158
47456
41469
46357
48832
40671
41046
49036
40208
45376
46941
47868
47113
49174
44437
42166
47239
49352
40855
47819
41003
41693
46019
45346
48809
47632
41030
47585
49384
47838
45685
43641
40741
43112
46172
41227
45589
44163
46365
47792
48577
40207
47984
41954
43592
42668
47155
40669
45552
44275
47520
44277
42607
45764
42909
41144
41473
42073
45836
45934
40744
47453
41582
40733
44454
44205
41472
46220
40912
42925
43112
40871
49890
43054
49802
49790
44602
41317
46126
41160
43605
42176
41799
47565
41744
48852
41267
41446
48571
45613
42245
48822
47278
42083
42427
43077
47131
48124
49928
41079
47622
43475
49667
47194
43122
49802
44869
46877
42683
44047
40135
40401
40821
41049
40117
49060
41595
40301
45744
40678
40131
46388
48140
48649
42825
45168
48920
48871
49913
48097
44371
41920
41838
45191
40195
43626
43885
43127
42928
45776
41957
48677
43949
40115
45997
49296
42066
43037
46607
42044
41074
45395
44696
49217
49382
41715
43586
44088
49855
45766
48004
42961
49321
44912
44544
40397
48869
43973
43814
42903
48028
40415
45321
42637
48166
46603
42312
46758
43073
41604
45323
49941
47551
44527
49961
47253
48095
43774
46579
42123
43225
41743
46937
49439
44902
42462
45666
46948
46601
40476
42448
49097
48068
42891
44146
46175
41572
42866
44839
48234
49563
42136
45695
47616
49013
42123
45907
46129
43463
48096
40579
42920
49820
48479
41326
46915
43259
41892
40642
43323
40271
47804
41618
47173
46837
42782
40474
48077
45991
43223
40554
49513
46630
47201
42913
42798
43313
42596
40437
40613
45016
46018
49569
47454
49338
47214
46136
44710
47475
46626
49496
46208
44455
49549
42330
45990
48556
48951
41716
43871
43641
40428
40845
45891
48198
46996
49727
46155
45305
48466
47507
43757
48426
40004
48687
43488
48981
47122
40431
41856
42982
49867
48407
40589
45650
47220
44153
48205
44919
43853
47848
46549
46988
45294
46523
43204
49690
44276
49266
42634
42317
40605
47767
48547
43792
49201
42672
47542
44566
46182
43645
49374
41485
40781
43784
42333
49010
41736
47099
43170
44630
40340
41110
49772
41097
48806
45329
41352
43192
41790
40360
45298
42131
40979
41689
42051
46437
47496
46813
49351
44121
44543
44332
45046
47370
43180
48837
43284
47568
47423
46010
42335
45452
40971
48202
43591
48489
46746
41949
40320
45123
42206
45368
41666
43464
47895
45206
42076
40195
44070
40395
48829
43995
40398
41433
40693
46627
46698
42650
48844
43965
48506
47443
47148
48738
49817
44980
42651
46489
46808
40517
48707
46395
40547
40494
42548
48942
43744
47847
46312
43203
46459
42645
45535
47458
48348
48033
41949
48259
40480
41755
48066
44685
48101
49056
49455
46482
46765
43655
46911
47087
48220
49633
44751
45083
49124
48612
43383
40582
45244
43368
43985
46193
46107
41184
40630
45803
40275
47619
40538
48204
49359
44198
46237
46773
49715
41491
44399
40853
44331
42492
44853
49285
43859
49865
49855
41593
44962
44587
48081
47771
46186
42892
40006
43284
46424
42968
41346
41956
48709
42844
49048
45750
42538
46121
49971
47074
41235
42756
45823
46239
46960
48004
49196
43953
44877
43761
44611
46321
49739
43101
45356
47741
42678
40538
41625
45267
43344
47740
47942
46571
42701
46782
48204
42446
44774
40823
44793
43954
41425
45118
44169
43787
42837
49649
45111
41184
47812
48363
47325
49827
42209
48969
47566
48550
40887
41561
47577
45404
48378
43975
43177
46641
46184
46691
46651
43526
40056
40344
45228
41533
48916
44478
46879
48444
48189
47030
40929
40145
44214
40212
45044
45494
43144
49968
42051
44561
47285
42984
49734
47715
44174
47330
44260
46597
48851
40272
43219
41817
47790
49525
47390
46410
43707
42264
41295
48500
44100
49593
41359
41431
42760
42857
47080
44699
42754
42153
44970
44418
41394
46734
47256
47769
42574
41586
47325
41912
49521
44429
41710
44161
41480
42593
44070
46895
41154
49809
40057
47626
45808
48819
43197
41921
43875
46871
41037
44478
40629
47685
47641
41527
41027
45273
43243
45974
45167
42100
44387
45207
42003
46527
48161
40329
49907
42222
42321
44736
48464
45242
49008
49416
44517
42927
43541
42128
46850
42353
41336
47690
48166
45148
45375
47034
40036
49740
43881
43372
46349
41750
42805
44852
43476
48155
40630
44436
40814
41112
43548
49345
43692
42868
47592
44430
41703
44067
40506
46054
49462
43945
40238
45684
43498
42375
48820
45303
48551
40579
40094
49925
48877
49385
47249
46071
45345
41383
41465
48857
47086
46061
46096
44531
47234
45054
41753
49734
45922
48021
46429
43545
40094
48335
41371
43468
48932
41769
47791
41894
45732
40677
41699
45310
41930
40768
44157
44542
46624
47522
42082
40645
45432
44532
40340
47726
45820
46615
49340
40937
42111
46397
43593
45142
42352
44273
45759
47369
40874
48126
47616
44042
45004
40998
44049
42209
41660
42026
48704
42509
49792
48384
40240
40446
47567
43733
46267
41714
49009
41699
48001
46739
43403
41328
42430
49436
42184
45075
40340
45205
42267
48955
47965
43636
41807
48719
47188
42097
44252
45598
44262
47374
49171
40046
49817
43915
43891
42181
43569
48858
48184
43169
45588
45968
45426
42668
42240
42922
47504
43639
48998
48946
47517
47303
44199
42699
43841
47861
47502
43539
41481
48679
44361
42810
41794
49101
43082
45632
49675
43783
44229
47833
48045
44490
43056
47119
43114
47693
44401
42349
40302
49947
46085
49884
49928
47076
41196
41361
43806
42429
41865
42974
48767
44171
47154
42360
40769
41426
45475
45515
43740
44400
47611
42848
40603
44115
49863
40400
40012
43291
48083
49580
41275
41084
42447
46298
41634
40861
49698
48344
44646
42044
44295
48013
45732
44127
42383
45542
41154
43437
42880
47744
49639
40925
48042
45379
41675
42365
41872
42271
40084
40669
48462
48938
46934
43738
43949
43618
46028
40248
45146
43937
47299
40076
45098
43223
49258
45703
40834
46451
48323
45851
41401
42168
49339
42852
44909
48399
49877
40819
41750
42483
42018
42540
47429
47067
49232
49219
42502
47093
42694
48655
49015
45475
40934
44282
42527
48425
49041
49598
46308
44864
48836
49945
49637
48226
49401
46352
45237
43101
48120
44196
41867
43620
46034
42829
46807
45278
47679
40962
49586
46956
44843
46647
42655
45318
45702
49940
46922
49479
45651
41007
40079
49843
43809
46315
43457
41363
49664
40839
48785
48129
47602
44742
49699
43143
43190
48863
44063
44410
43963
44539
42280
46092
49238
49758
43629
41329
47972
45483
47369
41580
41086
43069
47858
45839
44782
46138
43276
41944
44426
48049
45630
41311
44304
49110
45729
47926
47188
46076
40519
42175
49068
40170
41780
40201
48631
48816
44550
49854
48084
40634
40845
45043
41828
42807
49258
41294
42086
44928
43832
46671
46126
43609
46256
43880
47983
47749
43844
41303
48681
45198
42067
43022
42893
47731
44432
40466
46691
42766
44419
41197
40587
47039
43874
43602
44405
49586
49751
49745
45717
48802
46457
42500
41523
41108
44138
47207
43666
46790
44236
42601
42082
41958
42379
40480
46371
44265
45250
48718
45440
43986
42462
47602
46984
41406
46670
45193
43440
46048
45140
43432
48703
43231
43858
43054
40380
48673
40839
42029
45645
42425
48807
49191
44867
49281
48625
42020
46091
43991
43949
45104
45179
46117
44470
43732
40979
41137
49793
45252
42213
41572
48514
49392
42971
44309
47386
47543
46646
48038
43587
40176
43969
47798
49064
41019
49383
41981
49682
46402
41412
40815
43465
48251
46923
44380
41634
49643
46217
42461
43298
42499
45717
48210
49714
48072
47719
42505
46819
42178
42137
46117
45371
48803
43444
42386
46521
47655
47157
43962
46845
43532
44087
43337
40983
47931
47335
48401
41886
46267
46534
41073
48384
47237
46211
49142
47297
44428
40284
48929
42630
44086
42717
49076
47525
47113
45119
43883
45600
47829
45697
47917
47045
46816
40380
42363
41460
40231
46151
47531
43735
43389
48695
45266
41546
42134
41282
49620
42994
41528
49511
44086
40767
47728
46980
48909
44818
45591
40285
42588
49031
41474
47806
47518
48561
48012
45684
40915
43653
45214
46117
48671
42605
40124
47640
41566
41225
45523
44399
40415
48681
46657
41622
49142
49926
43814
47432
42505
43039
47729
46970
48290
45754
44267
43382
42122
49227
44584
41643
46741
48643
47091
45420
46592
49674
47898
44230
42867
46959
47186
47967
43766
45834
49922
48586
49677
41331
40718
44172
43222
49088
44256
48929
49648
41317
44669
43729
43961
47152
49555
45768
47320
40861
46880
42618
46758
43210
45926
45491
49068
41030
46649
48888
41825
47498
45350
48987
41952
41000
48397
41075
44960
43562
49867
47143
46081
40776
43468
48361
47846
43931
43859
43559
47381
41612
47579
44072
40650
42411
49190
47355
40202
42620
43971
46617
47606
42743
44499
41396
41661
44532
44804
44472
48735
45843
42449
43808
42148
44098
45819
44311
43356
40356
41202
43123
48903
45102
41825
43879
43583
43742
48914
49908
42077
44457
43037
43716
48434
43636
42555
40235
45197
44373
44805
44333
41746
41688
44812
48835
44438
44061
45783
47936
49544
44628
45403
42292
43631
46964
42068
46301
45036
49771
45551
45132
44409
41967
47347
48913
41886
44694
46939
44151
43410
49595
41595
47947
48953
43313
48918
48837
40951
46652
43372
49222
42129
43075
40261
48243
48083
45279
43230
40700
41467
40510
44254
47149
41453
44923
48307
42656
44246
44856
48412
46882
47865
48175
40617
46105
47146
41985
42606
48632
42984
43970
44085
48596
43194
43360
41897
49618
41063
44109
47873
48968
41641
47253
42856
44965
45143
41599
46023
45175
41447
41939
44672
40628
49604
41762
45971
41782
41518
43106
48824
45227
49515
49623
40955
46227
43383
40195
43615
41142
43665
49515
43867
45456
44448
48909
42351
47717
40723
45415
42588
47031
42519
49604
46466
41919
40404
42961
49338
41317
44738
43805
47357
44321
44089
46633
49086
43836
46600
43557
43252
40744
41789
48085
44557
49412
49227
40846
49872
42413
44885
44094
47876
42181
45539
46819
46185
49985
46538
45102
41389
48095
48521
43023
49053
49295
44202
47833
42692
49001
47207
49396
43034
49172
41147
47962
41422
49906
48588
46226
44166
44179
46401
41306
47831
43526
46076
49821
48977
47625
45034
44520
45707
48731
47703
44102
42554
42706
43186
48770
44646
41965
49716
42850
41927
42117
44773
42366
49249
43265
43737
49841
43576
49002
49259
40821
45260
40977
48138
46579
46340
44576
42436
45326
45199
41749
46812
49870
43525
40281
44594
43101
48512
44940
40992
43961
40492
44829
43034
45620
43795
43006
42292
44457
46520
48975
48298
43162
43122
42001
47619
43757
42235
43381
46061
46687
41013
48764
49140
40236
46380
47414
49084
40499
43091
43918
44948
45883
48236
49237
46139
41677
41954
42264
48612
49644
44467
40040
47340
44750
40320
44688
48250
46179
41683
47760
47764
42599
43955
48164
48316
42269
48513
48157
43803
47049
49461
42973
49742
45596
43472
43570
49151
45143
44423
48726
46615
43119
47416
42231
49831
49558
49992
43301
40042
48787
41872
43479
40190
44160
48404
41293
42379
42794
47023
46715
44276
48150
40518
41071
47475
47121
45664
44471
49492
44806
40868
42061
45100
44583
41877
42424
41968
43264
40302
46335
40233
41108
45758
41716
45543
44351
48729
41130
40347
43472
47949
41441
48785
43917
43018
41376
46386
47233
40286
41624
46958
49656
47588
43854
45575
42060
41345
49572
48341
49892
47732
47073
46740
44216
48171
44936
46837
45307
48203
43473
41292
48397
47989
41329
45258
47077
42115
43054
45553
43671
46175
44864
46223
47417
47686
40036
42571
40731
49283
42458
40061
40975
42871
46642
44101
40194
44418
45254
41661
48093
40423
40619
45914
44173
48740
45008
40652
43375
48406
45584
42089
45852
45383
43804
41856
45565
43728
45817
46470
44275
44599
49933
45402
47194
48708
49573
41926
44097
41385
45308
48438
44981
43219
47546
40607
42514
43415
42239
42837
44470
47468
45561
40838
48086
45531
49950
45824
44862
42918
43115
48826
48707
49622
43664
42928
42535
41419
41854
45842
48418
41142
41627
45183
44225
45080
40597
44038
45321
46080
47905
44983
43337
41903
46004
46571
45287
44663
41321
47506
45372
44753
40489
40186
48714
40586
43375
47135
40938
43665
41485
40942
40045
47045
40500
40767
47335
44059
48657
46217
42277
43378
48507
42443
42168
45876
48162
48687
41185
48599
49568
46201
44994
41200
45573
40414
46496
40602
44593
46580
45447
40378
41543
47729
49729
42340
46346
48670
48853
49198
46839
40067
40931
48761
41160
42138
42771
42158
45824
48409
49040
40790
49595
46139
40483
49355
40003
41511
43100
45142
48892
44520
49860
47051
45728
40569
44043
41270
42581
43247
48629
44440
42663
45499
49288
49215
45084
44444
49472
41664
42120
48480
44858
44668
41674
43988
40978
46609
46854
42940
42261
40014
46638
42044
42880
40532
46427
48632
49850
42673
44990
48484
46596
45044
44738
45982
40897
44490
45599
47573
44514
45498
48832
45361
43097
48502
46068
48867
44025
48320
40567
49447
46737
41843
42229
43709
44765
42317
45268
49343
41260
46089
47594
49259
40047
46504
43946
47619
42438
48829
40621
44460
45958
49492
48198
43928
44885
42755
40150
44854
44106
47973
49383
41382
47151
41046
41847
45674
46479
44334
46179
44330
49098
40360
41019
45103
43405
45963
47121
40714
43808
45195
49654
42147
48082
41247
47222
44670
48733
49928
48018
45998
43658
49846
40273
47524
43324
47316
43692
46336
41342
47241
40938
47867
42862
44741
43369
46459
40507
46129
43230
43850
40713
42002
45285
43669
44285
49674
44476
43385
43745
46924
42620
43824
46607
44181
46373
40400
48118
47594
40736
49464
49179
41213
47240
47825
45190
42495
43590
43439
49371
41692
42058
40455
49754
42342
47178
42438
42484
47033
49410
43378
45333
49895
40368
47347
44385
44847
46911
44111
43769
46553
45960
49833
42974
49234
49243
49120
48822
47000
47340
47087
49477
48239
45387
47882
46013
45711
48569
49128
43016
43481
44159
40161
43429
41598
48261
45582
44461
49503
49643
44651
40728
49574
40101
41362
48017
42888
40632
49655
46061
40354
45362
43140
41538
43673
40678
48972
43144
42245
45259
41057
49036
44105
47848
48644
43199
41246
43501
42550
41365
42271
45781
42729
48998
48225
41897
47742
43556
40651
40173
48773
40738
44476
44349
48283
49781
42123
47254
46136
45959
49439
47107
44077
49422
48465
43396
42838
48254
46865
45616
44792
40211
48896
47429
49097
41973
48238
40830
45580
46945
48682
49769
48202
42673
44713
40316
48913
46718
40366
44978
47918
45517
41382
42027
46955
44170
42640
46830
48050
46364
40146
41074
41374
42727
44413
47508
42364
42772
49991
42369
40025
40300
44111
45020
45502
44639
45938
44467
42397
40420
46740
45441
48074
46709
40483
42481
48259
42299
43762
49085
45578
47672
43799
40407
46403
45777
43318
42195
49324
43084
41483
45716
42908
49643
40835
48273
40012
41827
41158
41564
40830
44298
42560
45638
47142
48352
41703
44473
45741
42248
47062
40313
49915
45405
41404
47827
44032
42384
42225
45849
47777
44496
43813
44050
43377
46555
47802
44187
41297
43804
42616
40800
47299
49376
46037
44152
46515
45769
49276
49041
48226
44779
45408
46690
48437
49088
49767
43346
45969
45264
45042
48447
41850
42342
49163
47269
41028
42328
49812
47782
40099
48979
45396
49162
44641
49062
48687
49834
45009
45883
45947
46257
49993
48376
41349
49723
43609
40256
43774
47396
41493
42841
40628
45512
49821
42033
41270
47238
41543
44613
40798
45002
41779
41568
43524
47305
46700
46430
44257
42987
47943
44804
44691
41713
47659
47146
41653
48055
47678
40667
43742
47948
49956
47780
42967
40547
44439
47895
48407
45530
44823
46572
49622
45767
42266
41050
48573
47920
42091
43993
40133
49046
48705
47914
42950
45522
49567
41216
44350
41771
49868
43017
45276
40129
45797
48010
43828
49964
45750
44514
48864
43670
45623
48527
48367
49530
46506
44139
40765
46603
40455
45974
41258
44761
42826
42455
49355
43810
47671
49641
48271
49209
46082
44149
41619
48345
46054
40247
47932
40520
46414
40565
48923
45881
46690
42111
43125
43338
49409
49238
42578
45222
41225
43091
46550
46877
44553
42623
42961
42708
41916
45796
45092
46263
41098
40770
48507
40895
40368
46023
40623
49245
49532
45156
43340
44328
44392
46918
47290
42384
49294
43410
44845
47789
44881
49822
47818
43317
45921
47148
44967
44850
47128
45282
43874
48189
43264
47662
41523
47096
43496
40209
48028
45873
48966
46664
48319
46860
46857
49656
47348
43066
43838
41833
45362
48828
46710
44187
41173
46862
48324
49386
42953
48362
42396
46324
48100
43914
41698
48394
45950
46897
40321
42043
49724
47779
42162
44070
46995
47257
44606
45794
41168
48541
48523
49769
49989
44245
43068
40021
40951
41334
46591
49907
47603
48362
42957
42673
45223
42843
45982
48535
49124
43002
43363
48652
43907
47404
45472
40803
47409
47972
43690
43712
48794
46786
47582
47026
46251
44696
40138
41751
46126
40278
45553
41580
41936
40951
44583
49004
48702
44163
48364
41368
45290
45487
42783
41080
45057
42190
41975
41073
42990
45376
41320
41355
45736
41150
47450
44916
49448
41455
45191
41669
49223
48143
49118
47165
43034
49706
40461
48817
42544
48650
48450
46106
42951
48918
48900
42810
44101
47014
41803
48711
45530
47501
44008
45381
48759
43416
42707
45725
41253
44788
40344
49708
47739
43962
41845
49398
46269
44676
40583
44841
48346
42978
40406
48596
44725
41974
47197
40797
41084
49113
44958
48505
40665
44288
48197
42813
44177
49350
44526
44670
40817
44815
48823
45720
48056
47538
43013
43581
42035
43876
43627
41928
44836
46525
42651
44540
49698
49562
45830
48982
40330
45522
46640
40040
45852
40326
43396
45185
48642
46766
41624
44365
48374
44887
43720
44249
41859
48120
43194
42666
44973
47283
41346
42461
49911
40678
40059
45207
48279
47440
45641
44328
48112
43002
45063
44035
40848
40099
47820
45198
42434
46077
43704
41784
41344
47446
49250
41805
45050
45589
43329
44848
45700
43323
45446
44245
45184
40640
48652
45641
49547
49333
42664
45340
42816
40475
41783
41182
40689
45728
46517
45868
45256
43353
47407
47723
42933
42405
44520
46642
49164
44139
46293
43650
45042
47875
46978
40918
43020
49738
42799
45378
41113
46554
43137
43091
47605
43951
44517
43481
41169
47221
42009
42175
44520
45879
44754
48761
43242
48007
49778
41035
45287
48456
40975
40509
40754
45759
48217
44843
46078
46228
44912
41659
41470
40120
41012
44748
45592
43963
42467
48080
46817
45207
47423
45217
46142
40210
44099
41727
42868
44201
45181
46050
40472
42403
48845
49870
46758
44729
47052
42512
49352
42605
47647
45140
44842
45378
47964
49596
47498
45498
44139
43615
41376
46192
42128
48856
47833
42729
43572
40660
49006
48507
42050
48823
46651
40199
43028
46766
44864
41973
43866
42446
44715
47403
48597
48109
48547
49116
45901
47566
41823
40428
47670
49043
40782
40293
49869
48871
44885
42703
47029
46271
44055
44388
46631
42335
42057
40102
49877
46914
49003
43101
40924
45595
47955
49510
47491
45194
42841
49187
41973
40259
47508
42444
43648
44983
48641
41488
49401
44609
48468
47839
42498
47912
46720
42118
46356
47688
45134
40590
43045
49295
41952
43644
44256
48239
48321
44967
45892
46580
43279
46628
46082
44470
49108
44482
40431
47553
44212
40357
47626
43132
46419
42341
43125
48029
45616
42149
48602
48879
40960
49045
40054
41249
44568
43045
48042
47389
40559
46280
49393
43721
45563
40276
40894
48217
44449
48662
41977
44710
42878
49330
45225
45873
46531
47467
40624
49133
45373
40986
41948
40076
40154
42930
41373
46058
47510
41154
41498
48683
49457
44224
42315
47549
42898
43892
44346
49263
44801
48713
48159
45084
49132
40427
44793
47781
42346
44586
41222
43262
45235
49548
49942
45392
40302
43475
41987
43036
45472
47222
48260
46794
46885
42151
44903
49195
45847
45776
44655
46140
47540
44910
47590
49319
42052
45504
41477
48974
41447
40734
44108
43937
40169
44046
47351
41164
49864
41856
45469
40115
43908
41397
48267
48323
41336
42796
43026
43192
44681
40887
47833
41681
41318
41501
42945
43909
43278
48996
46108
48887
46246
46671
42380
40636
44465
49344
48930
40724
44596
47878
40551
48936
48266
48714
42150
47205
49964
47582
40372
43197
44235
45464
47690
49040
43723
46644
48785
47538
47493
43166
40835
42929
47278
47437
46488
45745
47842
44834
40675
41677
46464
41156
40203
42436
45711
45595
48113
42605
43131
48429
43145
40197
41261
44143
48350
40217
41453
44832
41876
49916
45403
45840
47263
41623
48990
45409
40190
44032
44048
42801
43586
45678
45059
44798
43194
44933
49356
48836
41317
49322
41443
42062
47263
43227
44281
49578
49254
47087
42973
41831
44016
43118
49211
40660
47083
42266
48032
45859
48992
44601
41968
49296
49927
40703
41516
41584
48177
44716
44989
47108
45770
40686
45294
46812
48056
42578
45942
44557
42677
44922
43688
42107
47350
45420
40597
49823
45213
43075
44049
45007
41095
45360
49223
47503
41984
45827
44927
42650
40250
49134
40304
44948
48707
43961
46903
41929
42464
45515
47866
46625
43733
48419
43607
48760
42199
47640
41201
49329
45428
49835
42974
40581
40850
49982
48277
43607
43326
48500
41258
48668
40036
42184
46629
49251
47475
48246
44860
49385
43731
44486
48009
45203
42886
40225
47508
45957
47381
41974
45594
46719
48495
45056
42815
44874
44695
47369
45038
45165
42565
44320
44764
43529
45252
44594
43151
48269
48922
44871
41165
48180
48604
47836
40509
41201
40959
41959
47604
43857
43030
43332
46764
41326
42810
49618
41946
40298
49610
43613
49964
41975
49614
49310
41909
40524
44780
46418
43650
43100
41276
40302
40767
41153
47030
43021
48043
49146
46646
47742
48711
46053
45920
43182
44089
47015
47532
46921
49903
47442
44062
46462
41664
49446
44450
44696
47776
41026
45244
42119
45722
41687
48534
41541
43609
44282
44357
42320
46678
41796
46520
40221
45911
49494
47291
45879
43816
47429
48217
49542
40669
45629
41449
42278
43003
44463
48369
44176
44990
45671
40076
48158
42512
45308
47345
44023
49165
48499
46025
41046
43229
47258
47544
49091
44721
46922
43163
47512
42044
43731
44952
48375
48471
45971
46054
45506
49706
43762
47751
43700
45126
48039
41094
43083
46941
47574
46395
42018
43484
43987
44766
48264
45107
48610
42077
42127
43757
41803
47168
47236
40198
44851
42994
44293
46066
46929
41484
40631
41461
44794
40316
43747
42632
40839
42571
40115
48433
45920
48291
41534
48728
46996
40303
49999
42675
46021
45390
48703
49902
45758
45863
41111
43009
40228
45898
42289
45532
42365
41625
46647
45521
49098
43884
44094
41242
44587
47808
42239
42145
45599
43949
45715
45218
49142
41545
44951
44104
41366
45671
45820
45969
48492
46560
48440
48993
45055
41159
48130
41564
42103
44085
44013
42808
48167
47640
41097
42890
48787
48205
49788
40697
46180
49475
42739
45969
49220
41285
42705
42720
45349
46535
46632
40870
40231
47644
40610
43428
48022
48340
47510
47261
44983
46142
44122
46521
41819
45884
47465
49132
45618
44838
40533
48396
40537
45550
46225
43735
47504
43398
44451
46865
47121
42037
41472
42280
46651
41396
42425
43835
41563
49713
47694
42417
44418
43189
41260
43231
49067
44301
44535
45054
46110
42524
42271
47969
46347
49317
48126
40549
42561
42536
46189
42246
46397
44179
41374
41804
46307
49315
45947
47953
44597
43389
41675
44313
46452
49689
47070
46493
41486
48712
47045
45696
48829
46399
47914
49790
40083
48765
44136
49765
40551
46328
44446
46789
48080
42920
44101
42644
40569
49941
46831
44223
47773
48955
44820
41009
40316
42612
47517
42944
49082
46343
40416
44963
41055
40989
43073
43608
43507
49613
41583
40595
47038
40076
44489
47994
49373
48687
42672
49761
46053
49178
43168
44760
41215
45608
44023
47134
41482
47389
42346
40910
48664
49574
40519
47042
42470
41781
46150
42775
42667
44696
49838
45155
41295
43953
41034
42787
49405
47384
46383
42547
49547
43114
46819
40835
44767
42791
49354
42175
47224
46359
47051
41505
44711
42209
45956
40317
41333
49295
40923
40977
49386
45847
43209
48004
43109
42697
41465
49873
41348
47901
44335
49985
45452
43346
47251
40854
40733
43327
48209
41272
44673
49712
47333
42241
42741
48228
42835
43790
43164
45658
41637
41460
45263
48286
46343
48185
42093
47814
41543
44594
47033
42125
41461
48321
45706
44798
47881
40836
49127
49051
41962
48506
41371
48940
46064
43125
45179
43052
42044
45990
41929
43675
40587
48758
48161
47501
42127
43765
49485
42270
43618
46276
44075
47450
47046
41224
42220
46050
44909
47391
45412
48951
45114
42692
48332
42785
42753
45266
49731
47300
49025
46393
43715
48403
48213
42926
41205
48635
42089
48879
42462
47691
47346
48087
45485
41785
45760
42456
41805
42153
48657
43197
40747
49796
46944
45667
45596
45682
45505
41980
40248
43049
46053
49340
42919
41221
45680
46263
44273
48370
49297
43266
40941
44061
42897
49389
41796
41065
41177
41038
43610
49956
47408
44982
44730
49277
45659
43086
40286
48710
45484
42388
40097
42595
47008
40446
40922
46403
49972
42545
47995
49312
43760
44315
46890
41916
46672
40591
45678
49261
41802
48913
49049
45927
43743
44000
40642
41637
45044
47707
47164
43039
43879
47527
48031
49712
44653
45525
47278
40191
41476
48748
40241
46874
40328
41605
46132
47043
49513
40504
49058
40890
49599
41115
44233
46476
43378
49011
43194
45806
43616
45187
41690
45873
41365
48945
46556
43410
40408
41998
43391
42366
44074
49284
45119
48665
49093
43943
42650
47680
47418
46195
42740
46024
41013
48434
44904
40773
46504
41758
48766
46040
46268
42371
45575
48905
40067
49813
42803
44199
46625
42814
48697
40322
47724
42723
44471
46370
48290
48908
45400
44209
44753
45336
48522
47797
40498
42581
43864
46078
41624
44945
48155
45051
48424
48082
44843
49257
48018
48522
41894
42846
41366
42865
49347
45637
43557
41024
41860
40137
49695
44891
47609
41354
49964
41064
43818
42422
46540
43857
40909
45557
41890
42720
41820
49646
42689
46413
40381
42931
46131
44790
42814
41633
45674
47900
49390
43146
41458
41266
49073
45463
46528
45637
48591
42882
43791
49329
48777
41695
40185
41315
45259
48604
43942
43648
47620
48856
47998
42521
41000
40755
47652
48264
46779
48121
43351
45944
44450
42512
40155
49871
45108
42577
43851
47284
48045
48794
49980
48752
45899
48004
46062
45428
40489
43670
49244
46191
41065
44578
41266
40912
48992
46831
40131
49626
48103
41406
43236
41210
47911
42298
49809
49337
47671
48323
41472
47905
42868
45029
48499
42973
42155
41844
45909
43258
41964
43577
47927
46691
48059
44703
41542
46236
48185
49482
49880
44191
47572
40882
43974
40522
49600
46544
47102
47465
47171
40550
49341
49550
46456
45657
41246
45512
43611
41822
44599
46115
46766
43346
45119
49840
40140
48756
46653
46578
44498
44698
48937
48017
48308
47498
41298
42222
46966
43833
42821
49087
43214
44992
45454
42786
40518
47576
40265
47115
42541
47169
48668
49730
46130
40516
49790
41666
42227
46028
42362
49247
49001
42088
44530
46505
44142
47519
47799
47593
48760
48865
41952
40297
43595
44655
46249
43739
49374
47713
48457
45612
47047
42750
47334
46916
40372
47968
46086
45011
42865
46210
44012
49070
43470
43318
41039
45503
40480
48786
45205
44772
41222
46533
46261
45175
45793
41701
49513
43632
46770
42716
42798
48271
43183
46571
46027
42738
46324
49248
47168
47502
46968
42531
40681
49178
48445
43070
44459
44908
47676
49475
49155
45167
46758
48490
49387
45021
40968
41832
49777
40829
45178
41157
40043
46646
49568
49793
42413
42176
47263
46386
41550
42040
41062
47390
41828
44304
43783
42479
49363
44774
46897
49357
46476
42371
45124
42225
44429
40077
40449
41179
46217
45378
47606
48225
44946
43938
44511
49239
44922
40292
45344
40221
41936
49770
41032
40492
46447
46568
41720
45086
48364
43911
48493
43560
44953
43583
47106
42633
44032
43762
44736
45679
43057
46045
41905
42924
40973
44844
45623
42403
43769
44897
46530
43225
46560
45565
42363
49481
44716
43771
42422
45284
44079
40990
42871
48823
45613
43518
40705
46089
42977
49398
44988
42968
42467
49863
47573
47771
43509
47911
41943
44963
44481
41716
48026
44818
43020
46002
42887
43078
42148
40185
42047
49265
43594
48148
43856
42264
47493
40825
49812
47021
43267
49435
47018
46760
49965
44166
45063
40996
45576
40389
48554
40787
43926
42053
48211
49200
44623
49839
48024
46714
46239
49844
43297
48467
45420
47089
44567
42631
44918
47007
45399
46976
41716
47187
47791
43735
42314
41137
47593
41232
46044
45588
43703
44447
48831
42959
49065
45665
49212
41000
48530
40663
45624
42337
48477
45521
48964
47689
45783
44068
47278
47830
49190
46203
40037
41052
44413
42922
47930
44841
45446
44720
40347
42727
48417
46224
46816
49898
41106
41428
40516
44043
40737
40679
41720
41095
45053
42701
46487
49100
46813
42373
41301
47244
49852
47714
47430
41249
45630
47584
49772
40774
42781
45002
43689
49289
48628
49622
49911
41911
40818
46947
41979
42150
49301
41131
42881
44186
43705
42866
47568
43350
48863
43758
45829
43800
41673
43865
45668
49038
45818
49605
40751
47899
46941
45119
46764
45878
49787
41375
40590
49284
40586
43742
43101
47596
42442
40638
41049
47603
48887
42913
46068
41454
40910
46107
49095
49560
45740
45424
46689
48456
41480
46369
41627
43188
40254
42309
43965
43567
43986
43958
40288
43713
41124
44721
48276
44734
49694
40199
40902
41058
41882
49721
49590
42009
48065
42737
48496
41520
43627
43144
42678
40541
40238
40152
41407
48664
44346
45203
44097
43753
49575
40595
40432
40970
46410
47000
48131
45471
42141
43836
41503
46270
46358
48597
41445
42302
42448
48659
42869
45521
43573
41834
48661
40062
42328
40004
40252
40941
46944
43524
43593
40516
43284
42773
45965
46070
41113
47226
43362
47244
45171
41721
40457
47759
46426
44229
45115
41915
46553
49336
47268
42666
49164
46934
47589
44748
44595
46130
44869
43266
41181
40282
42224
45463
44839
40247
41370
40935
40531
49399
41071
43504
43710
45816
40553
46134
47196
44125
41213
48823
49118
41944
40237
48240
40515
43587
47926
47013
46988
46780
46420
40059
47409
46474
41310
45090
44083
43552
49196
44563
43018
45196
43606
46691
49975
48005
48921
43885
47836
44569
46947
48003
43497
49130
43589
43119
47951
48207
43740
48192
41549
47631
40914
43954
47498
48279
44439
40631
40595
49014
41087
45691
44916
46790
49901
43711
43710
40729
48679
43677
47123
49060
48084
42535
48523
45273
44676
47693
48191
42558
47287
45261
43914
43674
42114
45341
41648
46757
40674
40412
45810
46256
41300
47962
47990
42176
49308
43920
44939
40123
43084
49135
41505
49266
43414
47206
41885
45246
41170
48277
43026
40320
44100
40070
47302
43595
46936
44406
47695
40044
40269
44706
47634
48212
42738
47594
49354
42988
47939
49597
49202
41648
42182
48142
45656
48468
41709
44613
45991
45669
48334
46029
40504
46164
40580
41074
49012
46663
43344
45675
42915
48051
42881
43086
47570
43633
45469
43541
43908
44828
47504
48924
45303
48226
41960
48623
45532
47507
41188
43766
46339
48679
48800
48366
48610
47326
44080
47554
49415
42114
40759
45048
48332
49663
48284
44277
40330
42101
47758
40162
49268
40084
46645
41467
45556
40879
45996
46843
43926
43232
41481
41196
42387
48178
44843
42882
41446
47677
45493
46353
43451
41036
42953
49349
45525
42430
49579
48511
45959
41533
49585
42385
43194
43252
44780
46152
48525
41856
49606
48193
48531
49448
48092
44550
40922
48603
43159
43759
47917
44295
44344
41100
44621
40752
43452
48359
45936
44772
48910
42382
44453
48198
48677
43377
43529
48759
48437
41745
44269
40275
46501
40481
42489
40362
49357
48704
41928
46179
42135
40686
42908
46537
46373
43941
41480
41707
43435
49363
42673
40672
45675
46195
42876
49221
49029
44707
40623
41288
40091
49827
42089
40255
47930
49727
47452
46532
45914
44358
46956
42684
41631
40277
40969
47615
43626
49766
46633
46852
42137
44187
44821
46873
47241
43824
44984
47593
41932
49010
42271
48596
49504
40278
40770
41550
44336
48450
49137
43311
42662
49146
49993
41703
45249
49985
42495
48664
47041
42937
48232
43527
49746
48742
44244
42577
42154
45063
43337
49685
49496
45159
41138
46839
47563
49252
41325
42684
49504
46462
45383
41799
43222
41238
40831
47393
45116
44515
42408
45315
41537
46519
43963
47849
42805
45063
44896
41640
45854
40480
43926
45254
40679
45924
44697
48393
42617
49656
42241
46586
47210
44157
46710
42285
46906
45439
40935
45739
49150
44746
41339
46770
43602
44007
47547
41596
42114
45850
44624
47274
48887
48772
43286
49954
49808
48145
47658
42176
49314
44129
47218
48727
40377
48301
49372
40198
48173
41798
41817
48317
40843
49142
49308
47370
41381
43553
47729
41588
43127
41510
49479
49238
47618
46617
48117
40347
47607
45391
46899
46474
49942
40521
45421
47752
42717
40328
40913
44554
48597
46711
45897
48550
41534
47673
41910
40672
47262
44698
49776
41576
48855
49699
40517
43538
47445
41026
47405
41409
44723
43132
48897
44255
48262
49868
44218
48613
42889
47125
48231
48902
41326
46521
49880
40472
45183
48224
48989
46017
42966
47597
49469
46627
45266
47359
43110
44629
48508
44201
47041
46545
47748
46401
49664
41002
45853
46878
44427
48211
41145
44326
48124
44771
48050
43624
40620
49984
45648
45518
45828
47606
47134
44750
49598
40006
49184
45264
48751
40101
43910
40884
46934
40093
47749
49964
47173
45026
40940
42900
48057
43522
48482
42103
40356
47617
48459
45072
43492
48616
46459
42528
46826
46068
45417
45230
48955
42560
48691
45058
49361
47890
40419
48213
40641
42340
41291
40981
46292
40295
49744
41411
48558
42237
48291
43458
43207
45274
42206
43678
43259
49787
43096
44394
41679
42537
43059
41409
43831
44608
46027
48796
44096
45963
41690
48075
47476
47025
43960
44175
46217
41749
40307
45989
43558
45897
40511
45011
41534
48897
43373
41615
47443
47563
47761
44839
44065
45220
49990
48191
42005
40321
42990
40987
48653
44524
43974
41958
47135
41357
46394
49499
40403
43131
48842
40794
40114
45525
48275
40293
47327
46410
47434
46528
42194
47917
46657
45087
42822
48472
48411
44738
49244
44609
48835
43133
47076
40706
44332
48309
46813
48515
42804
42300
48993
47303
48561
43545
42450
49762
47061
45537
42761
48456
40714
40126
40656
42491
49759
45274
45633
44369
42882
48697
48294
42502
40679
40771
46063
45770
41344
42382
40823
42666
41999
45984
43755
49070
41019
41002
42206
45504
46346
47970
45759
46840
42355
49296
43842
44853
43094
48370
45207
46776
42911
42932
40373
41042
46396
43013
41776
44805
48329
48594
42717
46471
40916
47187
45506
40501
49949
46939
41179
41031
43754
46602
48046
45479
48779
49700
43998
49259
43513
46590
47955
47923
48043
44748
49169
43661
40019
44588
49142
48920
49052
45380
49903
41095
40641
43434
44052
48756
47604
42626
46568
41648
41704
45515
45705
43851
40647
41882
40472
41911
45967
40313
45182
47478
45444
47626
47329
47070
49643
40385
43663
49944
45940
42542
40764
48717
44934
43312
40613
46403
43587
49809
48720
47817
46565
49661
42234
42938
42329
49869
48089
44718
43286
49498
46760
44114
49992
45445
45457
40640
47824
42489
45722
47625
40792
41109
44282
47541
41260
49131
42759
44240
46196
46185
41371
45792
40303
43148
44102
43676
43859
42278
48014
41555
48447
47599
47313
49588
46865
49214
43610
48290
44476
49726
47391
49325
47996
45685
42148
49303
44308
42090
41839
46624
46262
43381
44392
40754
44634
40029
48809
47901
45405
45915
41123
47023
49358
47980
44898
45309
46627
46301
45285
42870
42278
49704
41734
42216
40239
49304
43390
49284
42018
49949
42915
49285
43479
47436
49033
42443
47672
47599
45437
41798
44226
41881
43874
47709
46126
42833
42188
41411
42818
42157
43920
43049
44566
43349
44617
47981
46718
40787
41487
48816
44112
47188
47190
49653
45253
41774
45668
43298
43079
42182
47713
41846
44139
44176
46672
45945
40839
44593
40151
48325
42039
44551
41884
42693
45743
41955
49015
40009
43859
44589
43990
40298
43109
47675
46943
49680
48030
42689
44036
49089
41719
47422
49560
43267
47479
40802
44744
46070
49833
49855
44235
40854
46543
40295
41974
42758
44171
46717
41816
43091
48525
43157
44643
44697
47860
49834
42959
41161
41140
47318
45988
42051
45806
45075
43156
40973
49564
47365
41504
43186
48478
45789
43046
44741
49321
44470
41407
45667
47577
40774
43127
45621
43729
41785
47996
41565
49569
44311
44463
43556
43133
44120
40732
46518
45553
48302
49493
43011
45657
43182
44420
44421
48443
49057
49533
45744
41691
42162
48316
42200
40949
43754
48086
44288
46848
45962
46530
41547
40318
44137
41548
44314
40616
45860
42574
47062
48324
47456
41429
46516
40429
49881
43391
42688
47479
47225
44667
41207
43385
42681
40741
40878
46940
48810
41162
41281
40339
41231
40276
41389
44093
47396
40109
41694
49594
45082
41163
49124
40286
48375
49247
46151
49922
42505
41607
42944
41690
42687
43625
44136
45137
46297
48128
49847
48767
42163
42968
43977
44945
45537
48930
41448
40311
42392
49273
40088
49302
42087
44237
42150
40556
43173
48714
45058
46012
43118
48926
40949
40312
49074
44468
49763
43772
43466
45317
41262
45611
45143
49561
47146
45413
44088
46475
45703
49844
45312
41333
47841
48550
45416
42866
45224
47855
43532
41632
48308
43371
46906
47738
44529
42984
40171
49328
44629
49792
46559
49044
48171
40519
48730
44255
47643
48708
46700
48300
44265
43543
40397
44179
47577
44556
44825
49196
45208
49654
46491
48901
48842
48930
40783
41334
47332
49527
41338
48085
48146
47465
44086
46926
43904
40801
40596
41922
41608
44720
47657
40819
48387
43267
42600
46227
49020
44285
46767
46693
47370
43829
42739
46070
45923
43845
44489
44781
45091
42217
43419
44550
46677
47414
47434
48962
43953
40934
44644
45804
44165
49482
48062
43589
47970
45405
42763
43853
44312
48288
42365
42886
48523
42808
47405
41397
46081
47955
44203
48282
44380
40562
49163
45149
40104
41702
40086
41526
40361
47961
43051
46816
41612
40882
40690
43933
41577
46903
45271
41327
45842
47040
47895
44616
42658
40222
43346
46406
46563
46747
48636
43056
43880
48579
42139
40099
40901
41423
49355
43859
48603
49391
40806
45353
46129
46873
47343
44052
48944
43789
48229
43238
46566
49773
47765
45772
49082
40060
46946
48941
41275
40821
47643
49695
48130
44563
48150
47098
45709
46787
40610
47062
46972
43599
42756
45597
42964
46191
48703
40652
45982
42198
46119
49432
42824
45824
49988
47544
43046
48309
46399
48724
49236
47850
43320
49045
43795
43370
49150
47497
49403
49711
44007
45597
48465
42729
43142
42325
40141
41562
46683
47056
42296
41899
44972
42441
49672
48461
44167
41161
48887
47117
42504
45413
45520
47043
43613
45566
48420
41188
49664
44989
41670
48904
43715
41273
45167
48091
47642
40214
40647
45421
49285
47831
41190
42318
40032
47413
48694
41232
41971
43138
45660
41433
41954
49156
44706
46112
48418
43206
41694
42814
45696
46789
46077
47457
49645
49744
45134
48063
47913
45649
47137
48117
47950
45899
42175
41066
45921
44549
48333
46792
40112
43017
45271
48165
43129
43651
46823
40727
48185
43769
49207
41427
46154
47314
41645
42930
41681
49505
41781
48491
48632
41027
49129
48637
47415
42162
45985
44961
49307
44027
46708
48251
45825
43615
43113
47823
44388
41697
45800
46487
45024
47785
48710
40867
46756
44364
46922
49938
46404
43381
45766
45592
47035
41568
42700
47807
48062
47619
42080
43558
44069
43440
46938
43006
44847
43768
41203
48676
44854
43259
40411
43378
46304
47875
48876
40409
46457
47806
46553
45244
46325
42525
49371
41350
44958
44617
42683
44013
40775
47983
48659
45169
48962
47727
44962
49079
41893
43570
43814
43401
47713
46016
47725
42739
40761
44626
40559
42036
46357
40756
40354
45342
41611
42913
43393
41417
43382
41453
47366
41410
44291
40806
45172
45394
47785
41599
49867
43958
43640
42124
45608
48229
45999
48424
49049
46721
47098
44957
40555
40218
41119
43259
44886
46545
44315
44334
46522
45519
49469
41597
45690
40639
45056
45091
47325
48142
42047
44478
46703
45931
44197
47781
42279
44600
40889
45269
48379
40254
45092
42988
47858
44186
42887
48468
47521
47578
45101
41889
47233
40349
46105
49615
46943
42034
49578
43418
44592
49157
46129
47924
41812
47929
43093
40888
43676
43313
42490
45725
43347
45506
49194
43410
42425
42705
47700
41333
43023
44660
42478
49979
48163
44972
43944
44428
42960
41339
49278
46557
40225
42047
44957
45568
40644
43857
45749
49027
49447
41173
43133
43911
48664
48850
44636
47355
46432
41354
44408
49775
42613
49095
44524
48806
43004
48723
45943
41117
42819
47920
47847
40590
43766
46804
44160
45544
48084
47439
46456
44766
47172
40146
43165
41946
42074
40324
46030
40761
48035
42297
46090
48373
45543
47358
43117
43362
45880
41609
44408
45230
40039
45478
41098
46533
46050
40835
42745
45419
41273
43550
43861
45897
42992
49006
49237
45509
42797
45595
48477
45247
47631
46563
43968
44542
43172
43686
40663
44927
43237
47210
40534
49588
42277
45261
49318
42449
46723
42481
48254
49629
44928
42059
48936
48184
44753
47487
45095
41890
42475
40420
41166
41478
46613
48815
43824
47218
45535
45162
49322
45058
48226
48076
46443
43593
43525
41777
42124
48072
44246
47050
44436
49403
49168
44163
45463
40604
47633
42932
44874
40555
48624
47613
43479
45035
48638
44633
44914
48035
40413
49307
42742
42091
47587
43631
49728
45033
48807
41011
45815
41924
48406
45335
41410
45203
49834
41225
43010
43095
42281
49445
48887
46192
40576
46503
43596
44787
43379
40282
41388
45013
44911
44163
40281
40126
41036
40572
40496
44391
41377
41129
43227
40935
45328
44645
48334
41651
41311
46117
42410
46797
45449
49541
41916
44277
47931
44902
49596
43755
42788
44994
46202
48734
49526
40887
43741
40528
43146
45769
40902
41649
42417
45700
46085
42561
44983
42326
48569
44959
41852
47049
43740
46796
43130
48295
44004
49126
41502
43562
43063
42485
49856
45739
47537
41026
44722
48832
46594
45918
47736
41666
47199
45596
43231
49403
49856
49405
41197
41789
47344
42866
41397
43916
46798
47372
46189
49995
43745
44454
46761
43143
45187
44915
49873
44500
47713
46144
49998
43141
45710
46667
44755
44180
44269
45634
49947
46245
41104
46333
44162
41038
41923
47065
41899
47130
44085
49739
48502
47289
44075
46427
49788
43674
45370
46747
44186
48053
44606
44454
45465
44830
45586
49894
49662
43105
42675
46087
40711
40266
47344
40099
45446
43687
44273
48137
40146
48961
46277
42290
47587
42839
40563
49226
45719
46514
42328
46312
46461
40238
45564
48609
45917
43381
45077
40954
45318
45007
48193
43002
45383
48762
49394
41456
45502
42495
46227
42983
43079
47372
40210
43343
47742
43469
42204
43095
49690
48820
47693
47944
41439
46735
43822
42239
47402
41825
46619
47438
46365
48630
43857
43464
47739
47989
46229
49782
43677
45384
47151
44753
45621
42359
49357
46383
45675
46815
44707
44906
40290
40503
42121
47844
46202
42342
47419
41124
46292
44332
47963
45661
46113
42792
44499
47395
40165
41381
42335
40196
40724
43971
44113
45280
40991
44789
46805
47807
48644
40477
46288
41211
45501
43697
43892
42453
43926
40748
40616
46882
40864
46300
46402
49662
45927
46788
43792
41863
40853
40262
47560
43179
43810
44585
44543
40011
43535
47737
40731
47169
45090
43671
45962
43797
41151
44719
40014
49321
40147
46808
47806
43147
45361
46941
45497
42697
47107
43289
43788
47892
43503
47056
49474
46689
44027
41802
41403
45438
44040
40324
42389
49922
47771
41373
44328
47749
41858
48530
49826
40471
41514
41322
49937
44253
46572
44369
44309
41229
45276
43742
46962
49765
49515
41005
48213
40785
46399
44464
40855
49031
47565
44055
46579
42665
49395
40978
46870
42000
44481
45704
41104
48276
47056
48304
43423
46413
42903
43189
49123
41426
47264
46274
40749
46830
42689
46377
43842
44745
42398
44203
42420
41668
43755
41657
44630
40885
40760
41442
49739
42390
44062
41883
48663
43824
41936
44765
41563
41404
45945
44586
47685
48155
40493
46087
44590
47809
46424
43183
46201
46683
44944
46474
41653
42569
49667
48419
49882
49200
41385
44940
48049
47226
42276
49748
45459
47785
43714
42983
48456
42745
44553
48909
45918
46475
44862
48362
49470
47605
43410
40386
47264
45669
45925
44073
45301
46725
45095
46023
45655
44109
42643
41009
46664
45333
48382
43475
46195
43784
41105
45278
45415
44382
41413
40761
47163
45630
47129
43659
49959
46607
47832
41617
45989
46350
46200
43167
48975
44829
40385
48891
45739
49227
43400
43206
43496
46614
42661
45702
43423
44269
45240
41294
49889
41867
42116
46591
43900
45547
47802
45817
48753
42495
40059
43386
45673
46067
48111
41815
47310
45714
46766
43016
47361
43038
48149
48252
45288
45106
42374
46989
46148
48879
43425
47764
46869
46041
46730
44772
41978
45825
40516
42352
43717
44553
43850
45796
43804
44474
40493
40997
46638
41276
49165
47304
46674
49133
47642
47685
45910
44536
40201
47785
40932
45315
45401
40797
42816
49215
43874
48201
47344
47235
43924
47362
47423
40467
46047
45756
44419
45660
46183
48141
40149
43911
41534
47410
46728
48957
42027
42012
47148
46381
45193
42886
45496
42706
42104
40643
42067
43854
47286
49375
45272
45708
46078
46925
49195
45639
48769
42691
42951
42765
42032
43142
45558
46445
44668
42075
47953
47055
46482
47356
41997
40418
46215
48402
44826
47483
46925
48975
45757
43754
44902
47989
42091
48835
41317
46997
49645
44990
44117
46760
43588
45100
41410
46893
45272
44568
46533
41967
41133
48809
49351
44609
40447
47787
47900
41218
49774
41743
49468
48662
43232
47728
40421
41018
49414
44854
49647
43818
47717
47265
41365
49564
49121
47766
49220
42309
49057
41760
45082
41014
42892
40691
42776
41081
47783
46544
49088
40955
48162
44122
41813
46045
45965
45786
47382
45305
40865
44154
48631
46807
40230
41847
46659
47364
43306
43777
49407
47850
49199
46730
43582
40249
43663
43001
45837
44651
45367
49720
43780
44439
48388
43163
47271
45712
43977
47815
45735
42653
41310
43260
47771
43966
43915
48053
45215
46787
45707
48671
44968
43549
48177
43341
48433
44139
48173
45114
40178
40418
43933
45875
44583
42656
45526
43182
41651
47774
44744
44763
40912
47409
48582
41330
45392
49776
49957
46950
46015
43045
49059
47637
40459
49538
48824
43046
49495
49433
48422
43221
48152
49850
49378
42157
48654
40221
49932
42644
47011
47637
44622
42321
45402
46552
47713
49152
48030
45606
41038
45657
49008
40647
49116
45129
47007
47072
46994
49819
42902
46490
49157
40580
43449
42435
41055
49857
46154
47337
48345
45024
47925
48284
42757
47102
42820
42283
47662
40637
42312
42601
40876
44152
44801
46608
47003
46990
49822
42052
46730
47582
46394
43123
45852
40251
44231
49832
42557
42467
41189
44260
47493
42184
40238
45046
47503
45325
44483
47112
40541
46808
49347
47094
46267
44580
46860
46165
44078
45065
48201
41055
47929
40146
47131
40936
45191
40347
48771
42520
45017
46236
45261
48263
40198
40235
42329
42875
45341
43995
48478
41446
43346
42302
41605
48501
41625
43057
46210
40990
49274
44325
48043
49857
46505
43632
42022
44161
48040
41775
43583
48949
42894
43227
43212
43096
43974
47912
48869
46127
42288
44587
41238
43677
42184
44358
42303
49719
46026
43981
48625
49902
48964
42485
46857
44459
47060
41412
40542
40995
44928
48482
44061
47192
42262
46872
41677
40950
42135
47440
47082
40828
47819
49224
41612
42766
49002
44316
47293
40032
42744
46834
44333
42082
49304
42122
41270
44611
48046
41533
40056
47441
44029
40197
47611
49094
41607
40030
40023
46921
47396
47902
45503
49460
41283
49362
47437
43340
40818
41606
49444
40508
41296
45492
40207
42780
41095
45295
47041
49839
49436
46654
43644
43641
41634
47677
49285
46920
45113
45545
43804
45970
47980
41113
45238
48224
40814
46970
44615
43271
41444
40247
45527
41900
41983
40030
44466
41535
47131
40664
41565
47969
42882
46475
40418
42720
45136
40449
49918
42511
48456
49301
40704
42391
46217
49984
43727
46828
44752
48212
48677
43767
45721
47838
45600
45047
42928
41029
43871
42885
42056
43109
48889
46155
44389
42668
48349
42118
48504
47058
46763
48929
47093
45777
48987
41767
49652
49393
40999
40753
45557
49628
48862
41961
46240
47053
44892
43773
49619
46382
43423
49577
44714
45850
47215
44400
49477
46314
49588
47432
40262
47807
46623
44611
47054
46108
48439
45441
44643
49555
48435
46032
46225
46819
44687
45998
42580
49635
48192
40288
46952
40603
48560
48286
43006
45064
48918
41588
40847
47826
48285
48752
43970
40003
41490
40016
48233
48637
43822
47470
42472
41891
40026
46526
49205
45621
45018
42623
43027
42892
46725
43091
43766
46630
49853
47822
41242
47008
43048
44000
48548
49388
40917
49500
41201
45701
46675
46779
40178
41974
40817
44097
47940
47396
46136
43699
47813
45796
49647
47269
48808
48688
47547
47365
49892
40135
40204
49846
49994
47632
40343
46350
42644
49882
49105
47766
47019
41949
41444
49360
40386
40554
44473
45705
40479
47509
49757
48892
40150
47208
43357
46643
40820
44938
45423
47882
45687
46329
44545
42083
48450
44704
40740
45302
48377
42323
44939
40148
47958
43529
42159
49192
45086
42691
40153
41286
47746
47481
45271
48099
45517
48504
42500
43818
48855
49606
47213
44402
44080
49268
42033
44034
49269
42429
43383
45499
43836
43789
48801
48089
42502
48206
47901
41337
42540
41136
46982
45405
41738
42247
49711
49245
43332
48300
44066
45817
43330
47191
48759
49573
45109
43661
40748
45188
45931
48562
49134
48089
40121
47852
49684
46714
44059
44467
48616
43629
48825
46132
43794
47654
47385
44791
46520
41956
44545
48858
47260
43702
49518
47732
44266
49331
42966
49176
44891
45736
42593
44035
45579
41749
44010
49512
48019
46171
46447
41771
45742
48331
46130
40973
47581
44626
43660
47019
41809
49840
45553
42271
47566
45163
44272
48291
48192
45801
45533
47248
44479
49786
46445
45069
44545
46209
43126
42624
40991
45463
41863
43287
45351
46282
43544
40061
44437
44372
47178
43125
43119
45258
44620
49144
43328
49606
45258
46955
49627
42700
46430
40382
47546
41072
42556
47799
42104
48282
43601
49836
40368
48794
41372
41141
43775
43548
40349
49458
43007
43361
48305
45463
40679
46604
40788
49772
44818
45737
42680
49328
49182
43231
49549
43965
44837
41167
41235
45389
41082
40384
40242
45015
42818
44398
47876
44162
45748
40572
41809
49950
40436
45951
49757
42914
41169
48075
45296
47829
45806
41657
43509
47523
48371
40488
46098
40567
47005
40201
47883
47655
46075
41563
49199
48184
42735
45886
41598
48123
45037
43826
47463
42596
40813
46345
47704
41756
43976
41951
45497
46543
47639
47442
48216
41658
41500
40359
44144
46752
44313
40069
45341
43180
40952
41023
43131
42946
47558
46074
48060
48486
47579
49959
41914
46789
46119
43057
45375
49034
49954
43366
41270
47378
45806
40238
49993
43851
40045
46918
40650
42383
48825
40144
48751
43936
48868
44151
48867
46425
45595
43332
48561
45646
47114
42449
48123
40813
49678
45875
49162
48425
42686
47589
43940
41222
49014
41843
46488
44713
49543
40335
46020
42427
49108
45492
42906
42402
44775
41040
47581
41690
46348
40410
43152
42679
43321
40754
43195
44897
42100
45322
47222
48614
42245
49794
47692
42060
40761
48798
44030
42341
48973
47267
41137
41265
47426
47585
42103
41183
40428
47514
47449
42690
43327
45787
46122
45579
42452
41961
46676
46775
49727
44619
40581
44159
41448
47339
43487
43163
43407
44975
44358
43815
42643
43767
46905
49497
49440
47512
42496
45130
41898
48657
48820
41686
49384
47500
43970
46007
40466
44935
41338
49739
45586
44152
46736
48857
44621
44539
45480
45765
44746
46665
43851
49188
44574
40678
46290
43247
46403
41693
46953
45958
49582
44836
41884
49181
44523
49489
45886
46536
48666
46975
46477
43197
42833
48430
45762
41622
48857
49943
49932
40246
47077
40163
45256
47986
45384
41539
48861
45972
49859
40092
42407
49368
40709
40225
46830
46354
46233
40429
46729
48389
41832
42956
43698
45732
40699
45549
48913
44844
47776
46108
46632
49815
48780
41860
41914
48197
41674
42979
47832
42769
48840
46929
49708
44661
44354
43834
46520
49987
42303
45071
42506
41693
48856
46988
45207
40655
42939
49156
49725
45266
47784
41878
42805
46689
48384
40828
44493
47766
47911
47621
49603
47178
49561
43894
45980
46861
48944
43032
41652
49904
46146
48081
48352
48213
45878
46560
44605
44064
48779
42912
47623
47350
46835
47152
49537
40777
41145
43909
40212
48591
40815
49486
45797
40493
47620
45859
49472
41335
42273
49571
48426
48895
44624
40375
49003
46602
41919
49194
40177
45400
46364
47455
44019
49145
45686
40169
40684
40861
48111
43302
44573
43017
46243
41883
47807
43567
42695
49093
46914
40908
44005
48116
48709
45153
48368
47957
41783
40144
47017
41594
40683
40504
48703
49861
40922
40659
41662
47274
44291
48276
47698
46652
45587
42828
48572
47822
43834
41117
45740
41971
43365
45486
40689
47265
42702
47201
44599
43260
42074
46998
42861
41295
43648
47171
42120
45608
42034
44724
44914
45201
46508
43094
49765
49639
40504
40744
42587
42905
48425
48532
48682
48189
44575
44173
43267
43079
44108
41330
42453
48981
41301
42941
45927
40817
46156
43211
47196
43040
46361
40370
47178
45843
48005
42804
42182
41063
45042
44411
47862
40730
44523
41182
46621
42479
41831
49891
47085
45104
47795
41524
40802
44420
47407
46616
43110
44312
48138
47003
42221
40328
44313
48692
43035
43531
42889
43496
49902
40432
45114
42901
45649
40791
47997
46219
42525
48819
49315
46498
44398
44899
49962
41897
48575
44318
47831
47270
49862
46717
48165
40553
49141
44935
46305
41218
43670
44807
40120
43539
46536
48054
41057
45701
48259
48880
44690
46890
44425
41146
43954
48410
49387
47058
40808
41620
47585
40195
44990
45003
40825
45402
41738
45048
41999
45576
43866
40779
43135
40701
47427
49765
48427
47620
44361
44210
40949
49984
49960
49338
45118
46570
47777
42716
45664
42740
49695
42356
47844
44185
44254
43511
42967
44322
42080
48915
47893
46685
43238
44878
47104
41506
47721
46151
41215
41294
46897
45730
46305
43687
40717
41914
44361
41088
42767
43802
46282
45691
42815
48191
45391
45380
44428
45329
41216
40667
43425
48378
40413
45373
41483
41562
44138
44051
48018
44999
48917
47302
42645
49965
41129
42072
49967
46977
43566
47792
48214
40465
46246
40769
43359
48064
42612
48661
40726
49576
46592
44011
46811
40512
45594
40895
45082
47785
49438
41482
40846
40618
45494
40018
41925
48012
45821
40120
43853
45209
43002
47589
40568
45535
47523
44974
44175
40700
41063
46041
40253
42200
46848
47966
48370
48804
40362
46610
41044
40282
41114
45531
48170
45508
48927
42553
48123
43854
46269
48609
41194
42415
41490
42407
45795
47996
46551
40966
42945
42043
46791
40501
49983
48719
49599
44329
40120
41204
43481
44446
40505
48939
48934
41296
47800
49039
47786
41841
46919
48357
48225
49517
45530
48830
48598
40915
44228
47600
44248
43097
49840
45184
48159
42328
47236
49470
47960
49732
43255
40686
49001
41862
44834
42657
45595
44514
42314
48631
40306
46231
48018
45763
44200
43920
49656
40931
49343
46729
47924
41990
48525
45934
47695
42796
46164
47952
42659
47348
48680
44796
43936
48304
42204
41311
44235
47725
40472
41336
40469
43442
45953
45569
49378
42684
42838
42394
42672
45737
41384
49128
40511
46320
49290
45284
44669
42064
47265
41285
45702
48055
42775
45778
41584
48747
48050
42203
48853
48690
45886
40605
41119
40544
49506
43793
43936
49594
40813
47917
49517
47621
44723
46267
49549
45370
45964
41718
49416
42116
48698
47560
42597
42840
48665
48724
49666
48395
42130
45367
42374
41721
45859
48630
49631
43605
47618
44015
48839
44830
47201
41263
43012
47614
43899
40891
41377
48168
47486
46600
48745
43958
46304
49664
46839
43745
47810
46116
48994
45882
44107
40014
48132
40485
47377
46460
46800
44073
47899
46109
47173
41077
40375
48911
48403
45210
42685
48546
48474
45110
44828
40609
47791
42902
44852
46984
42161
41349
42840
46026
43508
45142
43666
43203
47709
44510
44147
49662
40267
44857
40478
46805
42189
44368
47385
43440
40400
42676
41291
48291
49303
47575
45998
44768
42679
43498
40855
46737
48014
45015
48195
43764
48571
40975
48962
41799
42042
40059
42857
40594
48434
46509
42085
42270
44033
45578
45841
46427
42717
41859
46052
45914
40674
40051
43556
43966
45691
46968
47898
47812
47546
45626
43254
46029
41761
47099
47564
46940
45024
43495
41939
43181
46878
45902
42616
43199
48976
44415
48303
43857
40116
43488
41636
49642
42589
44745
44618
42983
42932
41135
44458
47108
48082
40839
47977
47562
46159
46709
49907
40996
49608
47155
42825
40193
47271
47418
44208
42402
41138
45918
49163
44011
42946
48986
45730
48356
45604
48712
43371
45019
44492
42857
44226
48370
44097
42823
41034
40290
46143
45530
45235
47036
46412
47712
43707
43016
48792
46624
42813
44895
46722
49447
44028
47878
44186
44772
46247
42303
40675
43466
46081
42718
47119
42957
48931
43528
42702
48504
40441
44984
45675
47379
40052
40788
44821
47052
45801
43930
42047
46455
42267
40482
40739
40180
41608
42047
48982
49071
41018
46309
41516
47103
48601
41690
49380
43655
43659
46534
41615
42311
46697
45402
49097
42215
49065
45104
46592
45638
42102
40885
45481
45900
40864
48848
46236
43108
48098
44111
46692
41219
49989
45490
49451
48922
46383
46542
49329
48500
44681
49703
49647
41418
48416
44948
44418
46704
48634
46920
41953
48380
48646
44775
44298
41177
40428
47145
46030
49526
44065
40567
45425
43472
49921
43469
40768
46539
46986
49399
44670
44802
49768
42546
49674
43491
40463
45813
49109
47266
42721
46722
48215
43008
48267
49212
41872
49419
47886
40079
46927
46028
43832
47216
49084
45308
41587
43086
46572
45509
45088
40932
45430
48561
41019
43111
44119
46927
44591
40633
48387
45639
41333
40507
40866
40934
46862
42807
43668
44853
49338
42501
46461
46005
47362
42065
46903
40238
49466
49611
45137
41447
49993
43881
49116
41903
40180
41822
42929
43605
42569
46634
46016
46935
41471
44247
47181
40626
42148
43936
43656
47485
46632
44490
42115
43632
44643
40724
45493
45112
43944
46456
46765
44643
45642
49083
48388
43008
46468
47813
44057
44124
41826
42287
47589
40192
40579
40849
42324
43479
44918
48027
43227
44278
46435
48946
43051
40369
42576
44310
43380
41921
46009
43393
41133
47186
43126
43995
41223
48544
46892
47769
46434
45552
43577
46454
46323
41434
42490
49623
47951
42179
42809
47325
42608
42836
41804
41673
44343
43951
44352
49845
48045
42112
44450
47259
47149
42576
45688
43722
43577
48596
49079
47263
45455
41665
43466
40042
41352
49229
45873
48241
43311
41573
46552
43174
44781
47586
46263
43973
43699
49884
41345
43157
45470
43387
45551
45176
45309
47853
46242
44539
44559
44101
46588
44595
40950
45696
44692
40151
48512
42741
45178
47201
48857
42044
48742
40789
41893
48456
40368
47726
40693
45438
47494
44282
42172
49013
45294
40259
42543
48207
47375
49920
44089
46777
46743
47125
47670
45578
43651
46726
43639
42292
44089
46789
42339
45372
45090
46532
44182
42062
40784
42986
48495
46143
46185
45360
49749
49629
44050
49831
49577
44102
43861
49061
43071
41555
40945
40120
48259
41684
48068
41706
48355
42415
41466
46545
47417
43108
48184
47689
41381
45385
41859
48063
48096
44780
49639
41041
41923
47551
43781
46138
40779
40894
47671
47906
46051
41513
47502
48082
48737
47078
47631
40675
48361
47410
49796
47220
44759
47443
43753
44745
46645
41955
49691
42113
45037
42878
40796
41383
44072
43581
47733
49557
46517
40949
45480
42673
46393
45304
46947
48594
46477
40253
47128
47014
44228
49407
46137
45247
45646
44576
49423
46156
42959
40533
48703
40227
48642
44708
47698
47251
45280
46311
42638
44312
48013
48266
48679
45878
43935
47091
49863
48650
40682
40379
42079
48547
44687
48912
45566
49697
48078
40582
45976
45630
42058
46290
40717
41018
43741
43774
40378
48217
42875
43930
43408
46687
44693
45591
45883
44862
45162
48975
47202
43502
45366
45046
46871
46697
42422
47875
47129
41742
45372
49784
41115
41898
45844
44491
46522
46706
44899
41811
40239
42966
49469
48534
40333
45738
44042
44039
47944
42815
45869
45931
43110
47989
44832
40506
45398
48132
42359
45238
42286
46625
47270
45620
45716
40990
40296
46678
49951
45711
43150
40278
41944
42188
42500
42927
48779
46505
43961
45214
45457
42303
46328
43236
40249
40383
41648
44421
44187
48918
42457
44996
45856
48115
43542
44012
42595
41013
41895
49347
44450
47739
45220
44350
47797
43985
46272
49934
41383
45729
47614
45825
48771
41291
48954
46402
47617
48719
47129
41106
48041
41168
47002
46752
49471
45474
40086
49238
47763
49423
46531
45134
42152
41366
45255
49415
44631
41770
46498
44201
42754
40059
40786
44808
40501
41672
48469
43609
40874
49639
44314
49271
48168
42191
42394
48775
47515
42918
47539
42297
44190
42804
40925
46495
45446
44133
49056
40067
43190
44664
47338
46508
46667
46769
41737
42945
40534
40287
44572
40633
45159
49727
43443
42266
42819
46148
45440
43556
45579
41582
42371
41781
48060
49140
46545
41886
41056
45129
40800
41600
40014
40400
40945
40572
45762
46969
43552
44980
43542
42457
47101
48283
40419
49348
49939
40826
40421
48195
44145
45864
41401
43980
40496
47245
47533
42592
46017
44449
46604
40077
42272
44002
41827
40723
49501
42352
43741
41319
48997
44242
48989
48004
43702
42327
49226
48985
44884
48316
45214
41140
41004
43302
48320
40971
43371
45070
44005
40772
42046
43188
49692
48929
44595
48449
42417
49289
49758
41860
40063
48243
47874
49763
43644
49775
49992
45927
47100
48078
47996
48474
45382
44586
48790
49367
41218
41221
46603
46842
45870
44523
48830
46655
49467
45949
42456
46300
42025
42066
40084
47466
47147
44639
46870
45896
46588
44672
42228
44570
45334
46360
43112
45653
43693
