56591
58848
59002
54971
53163
51050
50212
54775
50187
55977
59130
50697
52298
50834
50592
59226
50234
50000
52704
50063
59092
51914
54434
56723
57176
52472
53500
56313
57697
56164
57569
50627
57810
51885
56658
55393
59464
56425
52270
54381
54387
54918
59303
50341
51132
54233
50030
55318
55587
52221
55576
58731
57590
53029
59231
52788
55369
56257
57649
51340
56426
55656
50544
50018
58149
51261
56844
52687
53986
57401
55414
51626
51298
57829
51456
56622
55176
58403
55486
51203
58431
57198
50366
52621
51734
51688
53320
55860
59464
52752
54067
50953
56189
55645
57247
57183
55915
58780
57191
57388
51248
52212
55717
50483
52426
59039
59143
50602
56826
54577
58991
56772
57987
50161
51939
57947
59454
50664
58532
54369
52828
57429
56858
57752
51276
51218
56943
59561
59466
52979
54003
58814
58390
53759
53797
58218
58880
58954
51373
50250
50727
56192
55228
52794
55289
50655
52551
57367
58217
56384
57616
51609
55506
57228
54607
51719
50461
56473
58234
59845
51363
59923
50315
56011
59638
53211
58188
54152
56150
50467
51292
57017
58863
58124
55528
55295
58584
54586
51158
52179
50744
53787
58857
55743
50251
58226
50316
58043
53339
54994
54303
51616
55017
56495
56451
51201
53262
56111
51207
50919
51381
57877
57363
54906
58149
58410
54365
52448
51238
58760
55217
57015
53222
53672
53195
52316
51044
55800
53831
57436
59163
52831
50661
57483
53844
56183
53081
55731
51042
50978
57323
58227
53147
58306
57050
52048
50514
52484
58347
53952
52127
57923
54998
57046
56017
52553
53846
59264
54123
57292
56778
58963
58185
53979
55389
59711
52911
57377
56775
58515
50231
50411
54027
59118
53731
55612
52997
54771
55492
59898
57711
52924
58547
54303
50386
57670
56884
55014
58420
54425
51508
57180
59990
55358
55493
58357
51879
53360
53088
54154
58063
56989
58019
54694
55202
58728
53895
56805
51712
54172
55306
53555
50320
50277
51608
59652
50191
56718
56684
58563
53539
55547
57023
54739
53444
50850
57345
52285
54087
51918
57700
59575
51986
50550
58491
57894
56991
55545
50161
50967
54746
55192
52463
51436
58155
51607
54135
59786
53956
59145
57596
50982
51959
52798
54828
54210
58689
51486
50014
51463
54266
55439
51676
51472
51161
56510
52094
56473
56166
55168
54578
50664
52380
58186
59832
50832
56306
56582
51072
51625
56257
54229
53827
50184
52184
53775
50437
57462
53778
57947
51119
56450
53221
51172
53199
50738
51330
58540
57602
50385
50996
56572
57009
55864
59798
52998
53243
55064
54474
50819
52379
52736
53517
55271
54829
56566
50593
51018
54249
59166
50701
50879
53466
50642
53044
56701
57856
52124
59421
57618
56572
56680
54620
50861
59895
50352
55776
55527
56566
52723
50958
50275
58434
53373
53309
51787
51008
57859
56051
52014
57569
54452
55314
58709
51388
50752
52364
55577
55289
57523
54104
55476
50312
55611
50912
52535
55538
50647
53862
56808
59302
59388
59150
58130
57933
51018
56163
54212
51940
56488
57034
51711
51139
59081
59776
57968
59578
59786
54089
55453
58349
51766
58845
50546
59344
59236
52853
53242
55873
57417
56055
54578
56672
51861
56535
54169
58290
57423
59871
51089
57083
59419
51245
57525
56157
52107
57473
56118
54431
52523
55650
58720
54739
50909
57467
56410
55364
52519
53400
58043
54744
59396
58989
57350
52205
54893
56177
56673
58537
58148
56299
58776
58987
50516
57735
56852
57806
51048
50457
56867
57879
53494
51746
55642
51170
53029
52202
52748
55708
56937
58850
54172
52681
59800
52615
50985
52821
50415
50720
56797
54726
54606
50687
53633
59013
55394
51519
57076
51281
59546
59373
57996
53733
57458
59586
59987
50010
51510
54251
58779
50311
56583
54718
52290
54172
55242
51381
57766
56427
59260
58877
55458
57828
58601
53461
56727
55539
58773
50699
58081
50309
57539
55892
51683
56514
52385
56637
57169
58434
50837
56840
59214
51176
56765
54099
50254
57442
57147
57913
57967
51999
55402
54427
52720
54135
59372
54535
51027
54678
54329
56083
57256
58180
53921
57643
57319
52798
54931
50865
54873
50073
54886
50776
52704
54328
55117
58539
59368
56726
55673
59200
53929
52170
52674
57710
59678
58158
53131
50123
51099
53490
57053
53300
57012
51269
51714
55643
56835
55052
58415
53480
56199
59170
57716
52504
52782
54287
55198
51408
53148
57046
56121
55274
56630
58321
54003
59617
52844
58029
55105
52041
55307
55691
58096
57422
54785
55062
55729
54234
52523
57967
53303
54180
55292
57222
56857
54663
51315
51023
52593
53761
58580
51483
57853
50389
54756
58168
53136
58088
51029
53400
54078
59514
50507
59871
52131
50085
55550
52682
52735
53505
57360
57302
50183
58895
55476
52137
59107
59143
54449
59422
53523
52717
59879
50959
55712
56706
56277
55848
58871
57106
54730
55847
59430
53486
59246
50205
57202
59104
56829
55915
54124
54233
57826
51220
55241
50033
59894
59880
58816
52642
51056
51251
55945
52319
54751
56505
53932
50475
52518
54507
51782
58189
58017
51766
50681
53425
59460
59665
57078
50596
56200
58734
51077
55310
59230
54125
58247
59221
54635
58630
58681
54722
53683
59615
53154
56910
53151
54041
52557
50714
54726
51390
53448
54384
52910
57775
59528
56627
56668
55733
56108
53595
51310
53324
52232
53675
53531
53000
53025
52552
54375
55421
53037
58368
51999
55927
59889
56998
58542
51650
56357
50390
53153
55429
58186
56765
56273
58615
54392
50027
58674
58615
56572
57175
52382
58610
53844
56747
59661
56245
50437
58326
50510
55299
53648
53041
58739
59364
50937
57627
51659
59354
56244
50106
58616
57328
57274
53423
59194
57550
57452
54501
52760
51953
58536
50069
57223
51279
52460
57356
56346
55016
53861
57299
51790
52972
57995
50235
58157
58837
52232
59246
56764
51389
53187
54276
56580
52154
55682
50960
58868
59268
54190
51679
55385
56039
52208
52783
58740
59309
50077
51172
57430
57063
57167
55421
57454
56958
50072
51539
56968
57447
54465
51077
50406
50978
54630
59812
53723
54422
51301
58489
52986
55280
55432
53244
54383
53526
52786
52223
54943
57991
51812
56643
59693
53064
55198
59086
52865
56236
53672
59185
57799
59452
59182
56987
52685
57612
53405
57303
57012
55685
56669
54119
56617
51821
51888
52745
53660
57644
57816
58808
51458
58455
56069
57419
53181
55468
56747
52872
57646
59398
58182
59113
55132
59729
57393
53852
51008
56820
59150
54695
55272
54622
53204
53957
51596
50251
51195
59899
50388
52908
57043
56091
56539
58699
57200
57290
54020
59831
50036
59787
56312
56296
56872
56522
53756
55738
50668
52431
56349
52447
52227
53479
53263
59624
57928
53599
58403
59956
57453
57401
54709
58335
54768
52878
58572
57111
50677
57613
59744
58652
50694
54012
51407
52199
57686
53929
59713
51982
54748
50735
52012
51429
50134
57363
58249
53884
52697
52124
50554
53745
53273
50231
51925
53157
54697
57849
56090
58492
50754
57248
57114
57714
52238
56148
59137
54433
56534
51724
53741
56972
55645
59891
54885
51068
56422
53462
59070
52984
55931
58588
51480
55754
54311
57455
57200
55031
57297
56675
50280
52589
50635
54985
52443
54919
59048
50954
57508
51543
53083
51230
57229
52691
58243
52518
59206
58808
52114
55978
57714
54981
56842
51018
53918
51845
56316
56539
52756
50753
59648
51637
59994
55112
55139
54479
54416
51629
51847
57600
56956
54935
59045
50257
50657
56553
57409
53590
52819
54509
59617
52376
53394
53000
52159
57908
51790
52507
54666
50150
57570
59473
57800
53747
59257
51266
55867
51680
59413
56501
55681
52404
53487
53029
58973
51157
54548
55870
51588
53810
55934
55225
59140
52075
59115
50316
55362
52213
54592
58255
56408
55467
59571
58406
51623
57365
57281
51772
58865
54767
59331
51826
50395
54077
54307
57911
53548
51385
52910
54812
58912
55477
52388
52476
57612
57620
50745
57945
58407
57839
54275
57533
54806
55985
50338
51044
52162
57320
50968
51393
54796
56575
51906
52368
53613
51471
55960
54481
55373
56553
59192
53872
55802
50854
53405
52028
50094
58370
58595
54732
55956
58642
54634
57109
56374
55821
52296
57870
51488
58529
59926
59965
51599
59533
53539
56699
56216
53820
54961
52104
57261
55986
54723
51828
58072
53039
53853
56162
53696
56679
51483
59939
52104
59919
53188
54983
50423
56523
58416
59572
55057
58112
53976
55911
59661
53088
54610
51041
50321
53484
50932
58762
53029
50781
59661
50205
54529
59335
51008
58456
53995
56574
53312
58330
59608
52407
55571
55782
51097
56375
54408
52754
56559
50020
53162
52280
59479
53644
57311
55600
59759
51195
52237
57703
50786
54361
56445
50239
53084
57114
55810
51056
53952
54942
52138
57762
51619
58768
52409
58662
51919
52204
53423
58150
55271
52143
50260
55260
51828
56989
55958
53406
53054
53800
54113
56591
58727
55533
55736
52341
59347
52194
56624
54452
55323
55205
51747
59273
55904
52594
58712
57706
52827
53688
53247
51337
55914
55940
55791
55213
50426
53228
59821
51650
58901
54505
59311
59156
53421
54047
54869
58056
57737
59702
55502
59756
52579
53510
55720
59669
51579
59892
55753
54831
59721
50159
55999
55946
51006
58549
55526
50193
57100
54216
58440
55524
54145
55619
51225
59347
50605
58647
58798
54531
55081
57443
56939
53474
59321
57402
54015
56609
58337
53085
55458
55181
56497
59915
50329
59378
55710
57413
50499
51978
59455
53487
59455
54555
54258
53800
59532
57980
58473
57633
53542
51473
56722
51776
59134
54784
57195
57011
52031
56198
58177
57501
57286
55030
59594
52021
56113
51013
55197
57395
59517
54590
51034
58687
58919
51447
56321
57797
58321
51889
53468
51915
52135
50615
55117
55975
57753
55310
57312
58734
52184
53074
59630
50369
57616
52184
55033
50621
51655
52929
54490
50399
54166
55323
53991
56507
54128
53415
54498
58694
56733
55576
58573
50568
53073
57679
50947
51102
52184
51397
54158
51412
57979
52990
54488
52316
51634
58882
57955
51739
53380
53107
50824
57486
56327
58268
54250
50111
58939
56027
58019
52655
52092
55364
54099
58895
51259
56837
56714
59375
54299
58888
52013
55016
50580
57910
57037
51356
57712
57190
54667
52591
58031
51150
58498
53501
58179
50338
59178
59072
51594
59537
51656
56171
55543
56044
50983
58977
51453
57676
52850
50040
59714
50399
53870
51828
57888
53592
55779
59388
54300
56910
57180
53388
57370
56494
56225
54182
54714
59795
57744
51800
55041
57729
58699
53797
50183
50024
56572
52730
54217
54657
56316
57737
51549
55092
52845
50121
56105
59676
57666
51189
59303
55976
50251
51645
55373
59119
56991
55786
58745
57271
53192
50477
59758
59249
56441
58403
51700
58987
52916
57469
54364
59084
51709
53368
56687
50954
56097
50341
53813
52276
54824
55907
51973
53351
50922
58985
57925
52765
50405
57206
58414
59301
58202
58485
59074
51446
54152
53916
51504
58033
57562
53954
51903
53561
54863
57471
54532
59570
51245
53790
58544
59061
53784
51057
57288
54436
50566
50447
55022
50644
57554
54590
57205
54340
52557
50340
56991
56710
53556
50562
52363
52333
56841
56956
55489
58960
58956
56086
58273
53399
55279
53806
55853
56851
57212
59013
52841
58962
59422
56296
55465
53650
58354
58462
56450
51294
53311
54123
58507
51309
51815
52613
56541
56282
51662
58306
58370
53878
53108
59123
58640
55549
55981
59448
50886
51696
58134
56005
58223
51397
53640
56324
54058
51077
51407
53337
50343
50544
57452
56413
52439
56727
57003
58629
56427
55143
55801
52459
56830
56606
53491
51233
50167
52055
55840
51670
52459
51472
56665
53612
56907
53840
54820
56657
51306
53827
56354
59843
53446
57469
57072
59716
56744
53502
56086
54204
57674
59204
56692
54545
51144
59588
56925
55178
59949
56649
58464
52013
59626
50964
59243
52752
50633
51427
52054
59069
55612
50127
58724
59343
50701
58475
57028
52398
56341
57563
55400
57209
54831
50423
58722
50926
59016
56385
56991
57698
58901
58041
57503
53778
50753
59457
50349
50185
56295
50229
56468
52779
57973
53738
57295
51048
59940
59520
55113
51117
53433
59070
53631
55536
59482
51582
59014
52258
51536
51137
52624
57881
55523
59691
58058
55712
55087
50819
56740
57497
55323
57651
58260
58763
59177
54670
53940
51639
56892
57135
54719
55755
50333
53750
57293
57344
50875
57936
55728
59041
51617
50529
59225
58032
52152
52086
50602
58189
56834
56095
54181
52604
55569
55334
56244
56561
59505
52397
55987
57388
52696
51956
50002
56848
54781
56737
58703
53799
59061
51364
58842
59678
54953
58249
52260
57044
53731
57515
57394
51891
51726
58591
56666
53736
55691
54558
59890
53582
50922
51565
51067
58775
53910
54743
53552
55519
57770
58905
56466
54324
50529
57019
53451
51035
53457
51956
53367
56263
59061
57342
51395
58989
56097
51463
58151
55942
52039
54137
53864
56909
51777
50209
54472
57606
55019
54911
56556
55909
53866
55714
58449
54338
56336
52477
55555
51493
51214
52739
58953
57861
54562
51787
57684
56828
58450
57805
56783
50073
58041
50823
55071
57610
54003
50463
59005
56635
53445
51551
51465
50110
54031
58539
57259
55501
52748
59391
50348
56506
52926
57081
51306
55705
50537
52195
57375
54103
53538
53236
51626
54286
56082
52204
52194
57540
52807
51776
57337
51683
57061
56957
57159
55592
50947
58515
58224
58462
54369
57636
53011
56658
54859
51324
52191
58722
59930
55817
54032
59545
58927
50988
51893
58031
51896
52109
57735
58653
58876
56622
56855
56253
54194
52654
56615
55143
56836
52870
59872
58099
59783
51966
52005
58221
58291
58627
58961
56773
59581
53079
52585
53104
54074
59497
58669
58551
51447
58501
52560
54802
53069
58714
57023
58655
56140
57918
57070
59293
53783
53766
56906
51265
59678
51158
54859
56209
55461
58436
53151
59019
53993
57366
50747
59624
51898
52486
59145
59869
50311
53886
52934
56051
53613
53717
59230
51621
52173
50806
52690
51248
56557
59637
55686
57030
57494
59667
56461
59938
58013
58440
51591
54794
51586
57289
52928
55032
52851
51555
53345
54289
55568
58205
50066
55480
55806
52462
59145
54424
57052
51679
59736
54324
57937
59023
52206
59430
52545
51775
59851
51077
57945
59038
50004
56967
53463
51464
56654
55014
51492
51272
53352
56388
50181
54242
52150
58491
54208
56657
51571
57501
51033
59229
54227
51875
56530
56911
52571
52704
55663
58240
59510
54212
51055
50299
59111
57821
54661
55790
51480
56201
55558
56755
55040
59507
59883
55518
58903
54614
57343
57100
57798
59569
52379
59001
52109
59728
57095
53576
55980
59046
57328
55447
57154
59896
52891
51430
53235
57412
57919
53218
50408
59847
57536
53764
52299
54750
52561
56695
58609
51816
54894
54392
55456
57244
52368
54426
51919
51110
53367
55910
50199
58841
58306
57061
50020
50211
57195
52731
51402
54445
59933
56034
53803
58014
58737
51289
53768
52474
50140
56476
57660
53307
57400
52153
50870
57161
52804
50335
59952
54086
53376
51269
59544
53419
52779
58173
51664
56820
56853
50066
50948
59641
50119
50627
55808
52251
55867
56633
52059
56286
52970
53006
52595
56844
58455
52729
53913
50594
56029
58996
57927
51486
57271
53807
55357
50287
53985
51954
55243
51528
57341
51820
53621
51606
51869
54770
53259
54775
50100
53009
55489
59536
56711
51769
54642
56541
59403
55411
55359
50574
57427
58630
53155
53338
57644
53312
58985
50885
52349
58803
59316
59333
52671
58366
54185
55200
56313
57392
57105
52158
58649
59617
52305
54310
51712
55991
56758
57174
56537
57144
56736
51508
50438
54444
51199
51799
52347
56547
57259
50822
56121
58000
56127
53991
53841
54024
51520
52408
58581
50856
56319
51502
58839
54242
57415
52928
54905
59543
53175
50988
50797
55740
52680
51298
54069
52150
51048
58587
59822
51086
50473
52624
54507
51855
52401
56063
59781
51527
52234
55704
56556
55733
54318
59125
54679
58334
51619
51933
54182
52335
51432
57004
59963
55592
55791
55961
52900
53995
52776
54914
56914
51656
52860
50976
53307
52354
52631
53480
50798
58984
56754
53929
52142
58075
57878
51738
55936
54600
53330
58588
55283
58222
56925
52822
53359
55890
53983
56750
59595
57284
57713
53916
59203
58967
55574
50468
53048
50320
54872
54593
54528
59339
57943
50650
55019
59196
58549
50135
59706
57093
52810
59871
51181
55401
59943
58937
59042
51326
50337
59768
59913
55406
51108
55585
53817
51057
52166
55839
59620
57051
59034
53734
54380
52339
52194
55036
58901
57943
56569
55366
54483
53794
58894
53968
53966
59314
55209
55533
53509
55313
55458
58090
50217
51358
57295
54200
54763
57127
56563
54719
57408
58482
57665
59273
50482
58992
53036
55225
50301
55471
57286
57422
56737
51708
58222
54265
59230
58047
53923
51800
53885
55699
52328
56385
57484
53776
57362
58261
50743
53880
53548
52876
54932
51824
59250
54170
53133
58535
57239
54195
59788
52523
50070
56417
59983
54445
56963
55846
52951
50229
58303
57736
52626
52975
53657
58031
51814
55452
59316
52918
55476
54356
51736
51957
52976
54725
54001
59036
58746
57892
53417
58128
55746
59199
59728
56272
56356
52311
55049
54484
50878
55434
58625
58454
54714
50989
51738
54733
51441
54364
50744
54904
50527
59274
59055
59736
55227
56913
52142
57688
58296
53641
53131
57286
50634
57239
50422
50889
50676
54897
52899
58139
50419
57084
52762
50990
57356
50162
50799
58649
50240
57204
53986
59966
50622
50867
50723
52856
51406
54349
54708
55207
58269
56474
54492
59374
59749
54790
52087
52843
57031
56163
50648
50947
55021
57844
58230
53606
52179
53200
51860
57002
57741
55397
53799
52797
51473
59222
59727
52070
52908
55879
56830
58491
54109
58161
58266
55413
52481
53687
59340
54555
57840
52030
59879
59718
51056
57526
56725
57603
59928
53302
50084
59203
51636
53632
57519
59468
50102
51115
59800
59993
50930
52381
53530
59316
56163
51013
56475
58109
56075
59229
52906
51977
55430
50466
57848
52928
57207
53487
51166
51621
57665
54881
54631
56468
52788
50884
57733
52360
57659
51352
50904
51338
57112
58418
58007
59891
58130
59845
53505
52718
51892
52450
53524
50775
56108
54073
54213
52215
56354
53533
55234
58450
58465
56771
51010
53939
52746
53940
57441
57592
54750
56605
57202
55664
56669
56387
52435
50913
58009
56437
59703
50423
54166
54897
58370
55008
56733
55177
50265
56373
59956
51315
55416
54335
53611
57939
55936
55302
53745
53427
57723
54958
59254
51749
57542
52623
54025
53171
51249
52127
51545
56501
57488
54195
51267
55905
59972
58311
53785
53414
50654
57842
54936
54234
55542
50783
57295
55706
54679
59907
51227
52334
57906
50356
56647
58705
58433
59696
50948
59286
56937
55378
58176
59139
59949
57165
59457
52375
57621
57577
54942
55821
57616
51710
53066
53838
53831
58869
53814
56448
50923
52387
58842
57038
58228
50719
52827
57769
59524
52445
57188
50536
58331
50173
59480
58811
51949
53497
59153
51042
51293
59139
53150
59418
57708
57199
52856
58722
52427
56044
57267
58821
59113
54776
55963
50831
55005
51449
59431
51460
51583
57254
53608
52161
51399
51733
50126
59791
53732
51751
53685
53261
58064
57448
53197
56301
51029
51664
53931
59932
59444
55440
53752
59463
59316
51127
57694
59945
58300
56344
51664
50850
56974
56574
57818
55485
52535
51553
51317
53138
57022
50756
50558
52272
51022
56260
50780
51230
52952
57086
53922
58861
53504
57678
56062
51216
54568
54638
57377
52076
52084
50036
58612
54405
52637
56663
52316
57072
54351
50457
56736
56154
53632
57978
55208
52983
50687
52314
54085
51714
58354
59067
57849
57653
50781
55174
50886
53833
50730
57262
51608
57410
56903
52918
56075
59325
55567
57838
55113
50371
53967
54154
51000
54346
56562
50389
57265
54241
58926
51515
57854
50599
58342
58320
50003
52102
54540
58945
58504
57192
58842
51831
57741
52150
55049
58576
51882
55376
50790
57213
52879
59870
53803
51296
50602
55892
53604
57837
59311
53609
55369
57615
59958
51160
59482
54671
58336
57051
57176
57917
54981
57012
59977
56676
53901
54539
58219
53723
53714
51234
51844
53943
56569
57743
54867
54035
57357
58604
53448
58915
58139
54642
56324
53394
50469
54682
55527
53544
51342
54296
54762
50732
56873
53062
52592
52743
51493
53386
57686
50630
59429
53321
53756
56973
59560
53006
52552
51078
54354
59387
54284
59328
58519
56661
56194
54345
53237
50555
51649
54963
57441
52981
54081
50052
58413
59875
52384
53215
50210
59094
56962
52055
59882
57140
58522
55277
58289
53160
54921
53245
54402
56206
54904
52765
59447
57030
51393
54852
59954
58858
51162
55039
56868
52505
52174
59367
51220
59962
54643
55629
55546
57180
56967
58677
54249
51116
53083
50606
55383
58348
53501
51524
50973
52546
58308
54267
52914
55929
56762
56873
56733
55448
54755
59973
56054
57915
58378
52303
56485
59525
59105
56497
58802
54307
53693
59029
57848
52935
59809
52729
55299
58001
56575
57630
51655
54378
57807
56095
55162
53631
54486
51120
53177
59545
52219
52540
54513
57815
58867
54429
59676
56668
57304
58423
59601
56803
58370
51925
52460
58377
59468
57179
52453
59990
54969
57060
54096
59618
55623
56102
50444
50278
55506
50745
53954
53826
56675
51091
54223
54757
53694
57559
57735
52111
52429
59724
50892
51691
50131
51398
59155
52659
56714
55498
51860
52277
50347
54650
54452
50093
53999
58599
57284
58155
53440
57516
52865
57007
51302
51044
51518
58149
56332
56563
58769
52403
51676
56548
56463
50214
51182
54124
53612
54269
58062
57978
52264
57066
56000
52631
58334
56004
58797
57727
57237
56467
50997
50504
59421
58934
58569
58877
51464
59651
55713
58675
54254
55637
51100
57495
50950
53856
54464
59360
53939
51308
52364
58908
51777
57448
50139
51187
54257
52885
55604
53322
56148
58612
58892
57261
57910
58169
51957
58626
54750
51078
50772
55293
53729
59656
52970
50733
52348
52873
53821
51375
51000
50323
53791
54317
56012
56561
51682
51511
59584
51071
58334
59290
57912
51959
57263
57502
58976
52081
50196
50874
57072
54799
57486
56293
51995
52776
55622
53619
57017
57315
56664
54378
51235
57649
57310
52217
58717
59230
58550
51361
58975
57658
50334
54470
50734
50120
59588
59288
53686
59430
53986
54250
51013
56637
58415
56831
58810
56988
55814
54819
57198
50554
59140
59951
51980
53244
56663
55352
54910
56126
58454
53119
55337
50965
57986
56009
55891
57731
59100
57707
50101
55457
55229
59420
50437
51270
54746
56650
51087
53681
53576
58927
51017
55304
53796
56983
59294
57030
54844
56435
56515
50411
52188
54343
53265
57500
56808
55226
58987
57721
57701
56056
52357
59474
58757
55582
57362
50132
50828
51891
57594
51848
59569
53580
54997
52155
59747
54100
58277
57728
57082
55897
50497
56889
59421
50829
54997
51420
50063
55984
53716
51092
57381
59522
52225
54946
56562
59461
51354
51812
51220
59393
56146
58801
54932
59084
59068
50589
55337
54594
55894
54197
56311
52130
59493
53661
56985
52164
58852
56497
59858
55559
58121
59190
54135
51364
53194
52084
54522
56802
51410
54957
50226
53505
53309
53385
53641
50528
54076
52512
53312
53862
56298
59272
51160
54230
54953
56268
59668
59784
50188
50576
50751
58008
53355
58488
54375
51595
57037
52932
51630
56365
50339
53668
53941
55389
56590
51688
57360
52403
51795
58279
58481
59328
58651
56101
56421
57244
52769
54348
53504
57530
54840
52542
55849
50039
54939
57852
53847
58161
52886
58953
51724
56418
51649
55405
54788
54830
59140
55260
52793
55727
57432
55215
57883
52883
57447
56985
56032
59911
51412
50782
51567
54706
55071
51784
55418
59381
56521
58323
59052
50628
58802
51119
57713
53731
58935
51384
58562
54539
56947
51816
51542
57657
54644
58643
53456
55812
55335
54715
58559
54908
52568
53347
52258
51634
58021
50154
57984
55650
56139
55389
51153
56359
55851
52498
58310
55075
57757
59480
53967
56964
58539
58459
52457
53611
53039
55412
57197
56225
58438
56406
55166
51592
54271
58866
50098
57712
56652
56429
53933
53721
54978
53764
52400
59197
54671
53342
57256
51206
50031
59626
54664
53592
57174
57386
56489
51889
58194
59918
58834
58994
54179
59843
50102
51248
56539
59855
59018
51968
53195
53280
51621
59599
58632
54658
55042
50647
54550
58672
55049
53371
50910
51712
53805
56758
55543
54106
54047
50789
54158
52631
55990
58178
51602
52310
53674
54829
59507
53680
58152
56122
55099
56731
55973
58780
50861
55558
52740
53558
54993
58373
53175
52292
58171
55989
51077
53952
52963
58146
54847
58229
58467
51121
56847
51960
54193
51936
57730
53203
54063
54201
50126
50137
53475
58120
59586
57132
59851
52500
54489
58302
59799
59775
50836
59669
54098
55965
52242
54627
55080
56273
50272
53863
59651
53584
55316
50075
55205
51524
53631
59896
54984
55927
51851
50279
54050
58566
56336
54252
56979
54844
51031
51461
53629
52744
54177
52164
59867
53810
51182
59499
56059
58199
58216
53702
57244
54866
58697
53743
55478
54900
52736
56336
56569
50662
57811
59670
50605
55929
57481
59345
58065
52553
53769
57002
51081
57268
58013
57907
52434
58253
54433
52364
53286
54798
50447
57235
54295
54989
57852
58101
53761
55740
59378
59597
50773
56659
55857
51351
50929
54275
50260
59587
57138
55965
56188
59964
58263
53550
50063
55479
53914
54984
58231
54394
54566
58816
52456
57044
52376
50174
59867
57136
59536
58914
56341
52645
57845
50270
55496
53832
55266
55835
59002
50997
52691
58067
57767
52638
56861
54587
57674
55415
53470
59553
58055
50952
57817
58089
55810
50927
59093
56371
53218
51111
58339
54324
52843
57080
59458
50094
58684
59153
57259
55475
58727
51804
56445
59277
50395
53246
50717
51267
57051
54190
51697
52771
50659
50894
53268
51250
53006
56513
58095
55282
55437
56505
59582
53239
55007
58378
54349
53631
53115
53438
57397
57651
51248
58321
54606
54711
57290
57128
54895
59952
54984
50722
57506
58613
58624
58377
58159
55945
54826
58386
51585
52886
53281
58436
56879
57134
58849
53644
56449
56429
58013
59954
58969
55877
53779
53306
51625
53967
54414
50417
57260
52565
53079
55357
57509
54613
57392
57167
53934
59546
50190
57701
55329
50463
55394
55601
50861
59029
55747
51844
55524
53734
52423
54666
56501
54685
50034
56840
56459
53393
54384
56228
52544
59181
54486
51372
57905
54770
54808
57441
55943
52363
58508
54303
56166
58124
57476
57701
54506
57326
50428
56558
50300
54646
56003
54293
56713
54092
53833
59688
51332
50866
52898
53332
58923
53114
53125
58962
58862
54944
53163
55100
55635
53357
54536
51348
52014
50832
59947
55375
50955
52148
51439
51223
54110
58763
52311
56867
51959
56556
55205
59175
52988
53065
57642
57345
57088
58505
55417
51737
51404
50759
53734
53571
55257
58353
55726
52419
54389
56928
58113
52633
53839
54174
54133
56872
53016
55335
54603
54788
56179
56447
58990
57550
56462
55253
59708
54403
51813
50406
54513
55718
56797
58003
53825
58115
55053
50753
52083
51151
53405
59160
54834
51786
50099
55979
56139
52384
56455
54911
54116
50380
53344
52003
55946
52860
51327
53542
57516
57350
56034
57375
57021
50828
58429
55528
56307
52635
52958
54750
58517
53344
55289
58204
55690
50877
55308
55874
55350
57226
50366
53495
50866
53950
58403
59798
56348
52314
50465
59677
53220
54413
57419
56559
52233
54886
56199
50648
51660
58981
56797
51038
59697
51583
52390
58691
56643
53615
51493
54238
50393
56695
52829
59192
56934
54342
50732
51701
56097
58156
51320
58308
51634
50389
57437
51281
53857
50106
53402
57046
52517
58755
58983
55026
57403
52363
55687
57732
54208
51806
57459
52363
53612
59666
52198
51357
52260
51996
50079
54341
55317
56032
59659
56766
51641
50324
52933
51133
54244
52084
56111
55167
50697
57624
53714
57554
50382
55700
59800
55946
58117
50283
51612
53787
56548
58833
57736
52252
52933
54503
55015
51069
59464
55860
55834
57336
50110
55697
50201
54560
51117
51298
55061
55122
56755
52117
56667
58103
56699
57255
50503
50982
56483
54337
57276
58131
57911
53455
52751
51189
51981
54663
53876
56424
52927
55200
53540
52037
58317
53097
51555
53946
56797
57099
50040
52090
52018
58942
57200
50506
58593
52953
54727
53545
53470
59653
50522
57443
54067
54600
50228
51185
52665
51039
58215
53089
55132
55120
51073
59893
50855
55410
54402
53208
59935
54207
56767
54213
53127
56785
53047
51164
59827
56100
53076
55923
59455
54738
50486
55030
52009
52888
50965
58111
54267
51016
58746
51362
59145
58570
55096
56712
57053
55498
52812
57879
59738
51704
56279
53002
59077
50618
57515
59761
55547
57005
54831
53012
53698
55853
52192
56797
54840
58734
54212
52342
50381
56359
53793
51112
52777
51246
56889
57358
54892
52378
51594
57698
52700
54527
56817
56235
50760
58511
59183
52470
54629
55096
55466
55839
59505
54446
51875
55087
59751
55098
50798
52909
59706
51265
50237
56247
52186
54963
51119
50529
57419
59912
52865
51695
51828
57465
58210
53357
53005
50931
54095
57672
54539
53541
56653
57590
51895
57082
54803
55019
58498
52722
58771
54146
59338
52925
56964
51673
57981
53524
57093
56032
51667
57977
55125
55785
58370
51651
58760
53381
59120
52553
50464
54166
58680
56367
58774
52137
57766
57876
55600
53321
50380
57877
51532
54845
50556
54575
50811
52761
53825
51084
52520
54555
50065
56157
54825
52848
56049
53557
54624
55289
57931
56566
55862
51883
56250
58079
55931
55057
58560
53424
51066
59676
57722
52610
58469
59902
57119
51059
55011
57306
57539
53027
59771
59950
54362
59920
50446
55324
57784
56488
51704
50931
53325
51481
56925
55099
54597
55780
53454
57165
55432
50235
55500
50551
53847
57483
58092
54472
56051
56879
50147
59991
54708
59328
54637
53999
52034
59298
59064
50297
54923
54576
50028
50425
56288
50434
51541
58146
54065
53787
57911
50532
56913
54662
58527
55542
53560
56821
53667
50613
50937
56758
57592
59352
54778
50428
57593
53697
55207
50072
55428
57082
58971
59274
50636
50061
59452
52995
53556
53627
55356
50754
59620
57019
59077
55333
55412
56209
56124
56454
51355
56444
57714
58692
55462
57237
59668
55600
57551
51022
52071
57454
53528
57317
55819
58350
54962
52697
54129
59475
59967
53129
59379
59289
57657
59293
58208
58087
59888
57412
50737
53962
50838
57789
52956
59507
57060
50774
54865
53815
58127
55215
50794
52263
50671
57547
52469
57383
56725
50661
59856
57733
50619
50433
59603
58074
57365
54360
55963
53399
59479
51154
54515
51419
58463
52330
54673
52919
51821
56828
53035
57121
56395
57552
55941
59614
54049
54313
56268
53753
56308
51153
56437
52480
50403
57232
56913
56483
50366
59586
57043
56317
53315
52914
52967
50639
52871
56260
55596
50089
58768
58970
50121
56499
54153
58620
57389
50096
59817
51743
56632
53141
57644
54144
58479
57087
53954
51339
56964
51703
57069
51224
59353
58890
52465
50485
52974
50915
53136
53427
58972
52675
52447
56935
53949
50245
51673
58095
51739
53452
54658
51634
59277
58518
57604
52775
52439
57894
52848
57401
50030
58352
51680
55440
56674
55102
52749
55318
58267
59269
59394
56991
56852
58398
51387
58585
55333
54829
53973
57014
56241
54765
59863
56044
52946
51641
57876
56260
56161
51014
55297
50114
53361
50597
59714
51835
53825
58303
50068
56352
57409
53193
55984
53570
50883
59090
59036
54378
51674
58270
59565
52551
55200
53134
57898
52380
58637
57047
59357
55285
50919
51638
58352
59934
56039
56775
58000
59477
54329
51140
58222
56356
54268
55894
57079
59893
55600
51256
57216
54322
53068
56004
51725
55294
58900
52863
51476
50984
51337
58548
59029
59908
55957
55847
52592
51292
56324
56513
57196
55418
50582
57991
59233
50767
51002
54036
54821
51948
54217
59126
52067
57446
50907
59251
52244
59020
55015
57135
55134
55222
54241
58225
59354
59961
55530
54913
59329
53302
51515
50342
56795
55727
56517
59892
56168
59026
53530
57990
59958
56634
56916
50218
52496
53757
58984
55887
57694
52969
52527
54199
59301
54070
55490
57920
50149
57949
58445
52111
50300
52979
50300
51824
52636
59010
52769
51973
58460
58420
59518
54569
54975
55912
51640
53388
51120
58705
57095
53811
58187
56621
58142
56048
56870
57205
57392
53234
52976
54449
50104
52019
59867
50952
57610
52163
56916
52439
54342
53389
59734
50413
58852
52283
59733
53455
57383
59391
57720
50148
57143
56815
58629
56970
55206
59605
52275
52593
58156
50017
58029
56016
57043
52332
59714
59673
51970
57332
50695
50274
50779
59748
58123
59490
56619
59072
59602
53794
59982
53936
55181
57812
51743
52954
52487
58300
55119
50400
53057
56573
56118
53363
53511
55575
53971
58164
56043
54130
55360
57685
58911
54893
58818
58049
59096
54493
58585
52560
56093
53978
50408
53243
57947
55253
55323
55414
58047
54462
51255
58754
53942
56446
56468
59109
57526
55331
53316
58853
59272
55066
55559
50081
57885
50313
57571
54106
50777
52457
59174
52792
59997
57713
55554
52099
52962
54325
57729
55880
57169
53646
55375
58462
53408
55568
50482
57823
52463
52159
57263
57275
56233
54684
51006
52500
55335
58216
56178
52486
51768
54952
51945
57482
57019
52023
51531
54417
53118
52136
50331
50408
56554
55659
56544
57970
52762
50931
57250
51299
51874
55514
52294
51643
54868
54866
58149
51166
52881
56478
53981
58940
51472
56915
52573
59756
55911
56391
59455
56287
53205
50518
54619
57792
51498
51700
52546
54061
57709
53254
57900
51554
59868
57824
56233
59817
51427
57882
51301
50161
51061
50190
53187
55328
52916
57995
54326
58396
59106
54417
53739
51541
58359
57985
53316
50436
52154
56634
53802
58037
52427
59571
52332
52323
52989
57396
57781
56111
50165
59605
54991
53549
56835
55185
54033
57060
58070
56385
56042
50584
55857
57964
52887
59803
55005
54196
53973
57717
52292
53770
59783
54397
56134
58320
58445
53047
54606
53813
58564
50598
55541
55224
58822
59992
53597
54065
52456
53022
55673
55162
52610
57147
57867
53809
52780
57046
54305
56921
55080
51860
50560
52133
57930
52020
52169
56929
53864
55373
51791
55834
57669
50919
56910
57453
54819
59871
53686
54724
50254
58008
51551
51125
57950
50300
57428
52795
52469
58654
58111
51501
54664
56308
54239
56242
55068
57849
59555
51902
50168
52147
54712
51798
58685
56586
55727
57251
57287
54903
53394
51375
57755
57653
51444
56134
50485
53891
58051
51481
52470
54972
57405
52812
51393
56583
55508
58386
51319
53069
57077
51412
59623
58905
58510
52519
59248
55794
55240
57029
55162
50262
50477
58074
58983
55864
56327
50947
51127
56145
57605
56289
55549
59367
53249
59728
58184
53665
50203
53395
56524
51792
59854
50386
54406
57871
57690
56694
53079
54721
52689
56364
56864
59199
54162
54747
59324
54753
50229
51554
53751
54909
53951
50160
50015
58783
50235
52085
58302
59855
59072
55921
59155
52237
58408
58092
58333
54450
53001
58793
54524
59341
54002
50214
57654
50158
57662
55715
55688
57064
50559
58024
58174
55392
53074
51700
55513
56799
52428
50140
53965
57146
51542
50210
57730
50409
50239
58229
51093
56220
50824
59471
55599
59726
50994
59629
59484
56397
53180
50717
59183
51113
50926
55833
55635
50417
59722
56833
51313
59184
51814
56539
57448
58091
51973
52378
54735
56287
53897
51511
54970
54429
55056
58459
55525
56855
51062
54964
53351
58108
59423
58439
50274
58210
56464
59708
56773
53155
50536
52949
57101
51952
59253
50776
54684
59174
58418
55185
53032
52501
55554
50763
54077
57988
51493
59969
52778
51920
59383
51594
54152
57035
51609
52538
56452
52599
51650
59963
52106
52380
59688
55557
56273
51924
57915
56158
51372
56679
53890
55316
54782
55514
58074
58499
56081
59964
54717
50593
59619
58132
53615
58123
58038
53592
53980
50165
52399
53883
50630
51338
55006
50203
57017
57433
51721
59780
59240
59266
51577
55056
50110
53147
52856
59303
52590
57016
56431
56578
57480
59705
59144
55031
51087
57101
52265
56485
54806
52995
52655
51961
50040
54335
57184
52324
58660
50273
54128
55618
51376
51920
58835
57796
53778
55031
54753
51545
52572
50981
55090
58694
52588
52359
54822
55286
58502
58235
57549
54828
53903
50749
56784
54456
54329
59056
56661
50772
50188
58839
52756
57009
50129
55642
59755
50793
55325
58064
59018
52294
50402
52518
55761
55816
57288
54691
52532
54009
54134
54100
52918
52767
52636
57220
57038
56648
53578
51544
58253
59150
52242
57616
58742
59554
52412
58616
50125
58220
50177
57367
54154
55164
56443
58797
57617
52583
50149
51820
55112
50556
52522
58355
53070
56591
56429
58798
58527
53906
53828
52617
56547
50379
58668
59957
50882
59943
52191
55154
53514
50892
52513
55857
50041
51010
50616
52119
59527
57759
50449
58244
59394
52837
51669
56455
58221
54359
59781
55498
51880
56619
59896
59208
51378
56943
57150
59733
53928
51507
58932
57656
52373
57140
51524
56526
51851
54113
56468
52507
56786
55732
50063
50748
55746
54121
52741
58864
56460
58017
53768
54483
58416
57627
50703
58202
55808
53632
52345
55489
59376
52280
58548
51076
51645
56178
50177
57213
56464
50857
57747
52794
50346
50507
57841
53798
50114
52345
52260
56766
58607
58015
56059
56087
57805
52155
57091
52775
56609
52787
51519
57089
58758
55552
56847
59884
54863
53971
56469
57884
51385
50914
57473
56209
58540
52198
56498
57443
58563
51916
56807
50280
55560
50425
53420
52348
58239
50241
52149
51231
57234
52045
52682
54868
59432
52925
55480
57527
52754
51609
57190
50401
56158
50923
59508
56464
51314
56024
51995
57718
54319
58021
50214
59173
58152
56568
56730
58024
59094
51673
54035
58341
53301
54580
55220
51283
52875
59874
50384
58393
54344
56167
54182
50802
56283
50675
52635
50347
56952
53800
55430
59540
57307
53436
53263
56070
59504
55123
58486
54127
56099
53414
51297
59177
50572
51849
53033
55064
55472
53799
52738
52276
50564
54085
53100
54076
59633
51792
57122
52803
51309
57938
57413
52111
56194
57826
55886
52173
59878
56753
52814
53942
59000
59538
50694
55457
55425
58839
50169
57861
51808
54584
52399
51334
50347
57030
54671
51438
55369
58907
53802
54528
59537
57934
54961
56821
52931
59558
51858
55466
54033
51221
57981
51556
51726
53663
57521
54375
57842
51806
58957
53399
50459
57655
53860
59557
59238
50266
58451
50101
55356
53353
55638
52052
50313
59365
50876
57641
59792
50003
55998
51433
51073
57012
51400
52881
55057
53876
58431
59946
56878
58521
50642
59126
52283
59531
54689
54728
50493
53526
59089
55559
58079
59334
51801
50331
52567
55385
55632
54032
58916
50346
53861
56271
56808
53447
57145
59181
51788
50173
56755
56837
58646
51018
58525
50362
51209
55889
56481
52885
58684
54378
55087
56354
55060
52616
54240
57832
54715
50715
51759
56338
54347
50891
53943
52600
58601
55309
55958
53098
54396
54385
50327
56712
56795
50831
53587
56952
57533
52112
58304
55283
55805
54096
50055
51357
59772
51705
56752
54121
56382
58140
50730
53692
56577
52868
52372
57678
52724
59957
57759
57176
55206
52609
51803
57064
55484
56744
52637
52417
53703
56352
52646
57861
59871
56028
56473
59541
59058
51525
56560
59954
52633
57505
52343
54412
59585
52739
50106
54114
54213
56945
56655
54886
59055
50147
51488
52557
54867
55033
58935
55599
52614
55085
53861
53202
56025
56468
51954
52257
57043
59607
58379
59861
50701
57202
56608
58907
50381
59007
52635
53079
59218
50146
58452
54152
58463
58928
52652
58859
59064
52209
55334
54818
58399
51165
59119
54994
50140
58020
58001
58010
51555
54765
50994
57237
59217
58173
58128
55069
51043
51519
52170
50022
59861
52365
50664
53378
51292
57445
59360
58986
56647
50266
59913
54519
59718
54384
51854
54998
54924
55471
51264
59733
53036
58281
56326
51926
59936
50397
52990
56181
53259
53274
52350
52879
51585
52464
55021
59971
50920
53188
56786
52137
53613
54420
54109
54422
55550
54528
57704
52506
58519
54161
57304
54562
55962
57582
51009
50314
51970
51890
58143
51316
55372
54732
55431
52789
53010
54975
52479
51367
58899
57570
54042
55029
58866
53357
53358
51175
53483
56930
52969
56305
55612
50848
56854
56116
52755
52428
50463
57912
58508
50194
53289
58233
51915
50618
51988
57306
58289
52226
50734
58557
50128
53366
59495
55741
52194
51974
50221
52500
50507
50534
55549
59144
51032
57080
54573
59265
50205
53589
55461
54449
56054
56374
55263
58781
55657
59230
53111
56112
51953
58954
54226
52114
50512
54638
58596
50046
54747
56628
50028
53850
56304
58443
58396
54692
55856
55064
50309
57413
58379
54027
51207
51454
56151
51512
54919
56800
52140
54244
55101
59228
56276
59428
56652
50712
57137
59169
54193
50253
52017
52874
59006
57551
59040
50983
55461
57002
56013
56036
52861
52266
52042
52582
58903
52348
59608
55700
56516
58521
56725
59022
56670
57730
51120
57065
55976
52161
50926
53397
59361
56542
59313
55715
54916
54461
53652
51255
50141
52474
53386
51125
56235
56114
54571
50146
59827
55031
53233
59534
59603
55462
54127
53418
58634
56960
56289
56552
51936
56924
51814
59843
52723
50805
59747
52341
50190
58113
52646
53192
56223
54321
59419
54731
58404
56602
54372
58352
51900
56971
59056
58112
53401
59835
50462
53087
56117
52240
56389
58466
56057
54147
56406
57046
56267
52981
54703
57377
57561
51371
59380
52121
51337
59526
51215
50385
52572
54007
53795
50752
58762
52787
56063
57522
53691
52443
57781
51287
53241
57083
58175
56388
54159
50183
58150
51991
55677
59895
56822
50625
58202
55576
53863
57811
52899
58310
50144
59125
50928
51014
50549
56499
51341
54344
54421
53840
52196
53080
51119
53191
50327
53906
50406
56527
51367
59616
59999
55043
53146
56596
55481
57309
52360
52200
51038
50036
56560
56093
52944
50362
50911
54990
51622
56527
51928
53337
52208
54623
58469
53431
58030
52687
53592
57248
56201
59839
59622
58790
59577
57380
52704
50195
54766
50818
52487
56994
51581
56629
57153
57956
55327
55248
53965
52760
59694
52239
50750
56376
54639
52906
54274
52477
50631
51692
57347
59474
57890
56641
57688
51831
56847
50920
58041
56203
53955
57953
58882
56641
55185
54041
52139
55606
58079
52548
56802
57883
52051
56679
55038
52581
55799
53691
50473
54389
50142
51955
58692
58997
54368
53737
53664
59174
54277
50758
52825
57368
50495
56668
57818
57901
56357
50395
57556
56837
55668
57008
55161
50427
52007
58223
50602
53665
52868
52944
56412
58931
53927
59362
54714
50983
50950
54032
59994
58588
59503
50093
53526
55014
55482
56316
52181
59268
52704
51042
56467
57493
57344
50224
50068
59243
52814
56754
55905
56520
52852
59090
51801
54363
55035
50745
52187
50571
51720
58655
50976
58701
50498
57663
54742
52877
51637
50391
54606
55117
55727
56623
59905
55932
50742
54010
56594
56742
54082
52346
58632
58313
51807
57006
51106
52838
54240
53189
59765
58579
54393
51574
52770
55027
53237
57676
57013
53447
53785
51774
53107
52354
54110
53618
50320
59989
57989
56270
55118
56171
50692
56448
54764
54064
56572
54513
50427
58302
54587
55838
52682
59722
57658
56720
55912
58488
51863
52239
57154
56800
51838
50480
59217
59568
59514
57410
57528
56437
54305
59364
55083
51387
54216
55560
50149
56741
58998
51376
56886
56899
58424
54200
59949
53324
51042
57601
50318
56444
51353
56294
51066
51941
56266
53894
58619
58678
54866
57835
57159
52953
59107
50979
51259
59131
56828
57422
54577
59846
52673
50792
50510
59864
56953
56955
54051
56529
57254
59424
52801
56214
52685
55045
59068
50639
56080
59523
54282
59090
55148
57244
51603
52576
59614
57499
52501
53808
57724
59688
58349
52500
52151
53387
58619
58932
52264
55263
53142
50015
57045
53716
57074
51105
50501
53895
53713
53768
59313
50237
52096
54341
50694
51058
53455
50676
56946
59872
53008
54758
52037
51113
51351
57035
54684
53711
52709
54232
51877
54569
55748
56207
56559
55438
56264
58935
53277
50870
50113
50139
55991
52013
59008
51251
52974
50821
51466
54412
54734
51978
56087
56033
52252
55233
54626
59080
54447
59228
57835
54689
55786
58909
57957
59990
57187
52609
57919
53059
55987
51561
58760
57844
53619
54179
53654
51576
52889
59764
58989
54698
50219
51502
50407
58673
52122
56546
54446
50148
59267
51816
54497
50926
55999
57719
53122
51921
57922
58422
51520
55895
55268
56545
50849
58092
55156
52158
59495
56155
51562
50854
54926
50663
57856
53303
58762
55479
53085
59195
58886
52728
59853
51758
53026
50661
58576
55139
54057
53944
50207
55866
58489
54948
57089
51324
56101
51545
59493
52716
50453
51564
53629
57356
57176
56617
55418
55278
59330
58293
53182
58148
56892
57865
51525
54234
50469
56613
58174
51821
57730
57599
55296
54843
54702
51338
56913
58754
53083
57157
54433
51700
59043
59261
53027
55886
58579
51511
52601
56737
59435
57768
58466
52880
59858
55257
58438
58320
59970
56896
55087
59237
52468
54739
54104
51785
55494
50821
52367
53976
52033
53514
52169
54284
57013
57242
51289
51972
55368
50902
52127
59269
51803
55646
56928
53557
55696
55837
50317
58477
52659
57924
54784
56482
57647
50741
59558
51779
53172
57320
58406
51848
50181
52668
57263
57718
58470
54190
58334
58105
58113
51416
53343
50110
53324
59536
54903
59714
55408
56861
51680
58551
52035
59809
59953
59584
55893
50220
51454
53183
57023
58947
54978
56879
59569
56479
57122
56566
55525
56122
55756
54300
55172
57709
58333
58018
56310
50183
55995
51439
52160
59500
53571
58262
50850
54262
55043
53309
57779
55239
53812
54742
55827
56526
57192
55658
57377
55448
54981
50451
56419
55542
52615
51153
58631
51930
50513
51634
52259
51250
52485
53055
52852
58924
57784
52199
50496
54996
53303
55470
59021
56026
54722
55212
52863
54625
57984
51784
58745
50062
55378
54304
56164
53094
53734
55392
52761
55686
55740
50358
58109
51588
59253
59299
52191
56892
53595
51318
52887
50620
56321
53728
50177
54182
58709
55479
53418
55076
53282
53304
52091
54623
52134
51103
59675
51707
50480
57940
54956
54505
55915
57714
55002
50017
50192
54006
59264
56836
56988
56930
54847
50045
56071
54905
58843
58399
51574
53174
54804
53001
59670
52639
56940
53593
58831
57118
57403
53248
54065
54470
59187
54795
55082
57222
59543
52596
57122
51291
56612
51456
52388
57202
54991
50385
59447
56789
54349
52670
57757
59795
58859
55341
54560
59015
54238
50429
51789
59657
53475
57675
51330
58459
51946
53311
58039
50763
57558
52400
51210
59228
51796
52803
56884
56144
53112
57351
55310
52436
54961
57002
50186
50326
56961
51876
58852
53400
59183
58922
55548
57310
56323
54681
53039
56747
50693
59117
51433
59454
50355
51797
56882
56034
51477
54865
56959
55110
52068
58159
54026
56984
57571
50631
52633
55358
57539
58756
52103
55931
56541
57033
50845
52690
51823
57852
54668
57593
54806
58046
57372
57011
53483
57224
58242
58750
57983
58660
57721
56787
52160
56924
59506
56953
59903
57730
54565
55702
56079
54522
50192
55849
58470
53232
55090
57682
58926
51311
59701
51233
59025
59667
59522
55625
57995
56459
57985
54423
58384
59822
54630
51691
58024
52567
53749
52056
55202
55628
58498
59515
57636
58633
55487
53926
54843
55338
55349
51184
57797
58873
55414
52934
59401
56747
51712
54322
54202
58397
58819
53785
56061
58687
57725
57161
58013
59208
53885
59505
59437
55519
59852
51917
51847
52491
59510
57401
56070
51852
53818
59350
50448
55690
51171
58553
51744
57209
59042
59843
57939
55330
57372
57440
54784
52882
58356
58855
56079
59072
51711
50816
50995
55676
59304
57106
50432
52968
58104
57412
58421
55799
55805
58337
53870
52409
59214
52590
52569
58604
51480
50002
59320
57716
50617
54540
55277
52414
58409
54741
56163
57886
55734
51115
52879
57162
57641
52984
57212
58430
59096
58922
51845
51065
50208
59549
55672
51814
57954
58752
52542
55065
59968
59566
53998
51459
54780
53970
54296
57259
52036
51592
59076
52783
55714
50949
57408
52049
53113
58271
50618
57262
52470
53156
50298
51235
52491
57379
52214
57985
57759
53001
52432
56774
55029
58614
56931
57682
56764
58029
56200
57443
59884
53983
51884
52699
59705
50588
53409
54122
51288
52127
58694
58894
53024
52534
54558
50929
50165
59454
59240
57940
59249
59115
51551
51926
57865
53415
58631
55004
58058
58611
57020
55640
55823
55780
59795
51274
53591
56833
55919
52100
57405
56268
56614
57326
55543
58094
57554
59642
50765
59380
55018
55792
54087
56747
58709
51190
53964
59791
53935
54313
51158
55887
51037
52251
56173
54140
50541
52254
53133
52324
58382
55342
51227
59589
56690
57155
52461
59435
52185
58081
52331
51986
55966
59395
58267
51977
55655
54672
59202
58987
53257
56044
58479
59486
59848
52999
51437
55999
51266
57390
58507
57346
57340
52065
54394
55282
50880
52098
54030
57138
51642
57004
56384
51067
54798
59496
57907
50369
53029
51378
58448
56045
56351
59954
53774
52179
53944
59010
50524
57073
57908
56840
51346
54135
59640
50057
50278
50452
55797
56020
50984
57707
52231
58555
53404
59629
51147
51387
57540
52532
58807
51177
56665
50665
58568
57395
56049
56057
56778
59408
57480
53344
57083
52065
54281
53684
52124
59884
56336
58241
50224
56455
59704
50994
58696
50106
50811
52633
54711
59054
50904
52172
59245
59264
52516
50584
59622
56093
55981
51216
51338
56396
50720
55062
50474
51237
52980
55051
53828
50611
58962
52442
55116
50637
59889
50132
52040
50592
53443
52239
50877
51825
54234
56651
52335
53123
54467
57434
54843
57420
54827
56937
59223
52849
54748
53235
51711
57131
50692
57167
50682
58007
50845
54623
56119
54022
54715
53970
59847
59349
56533
55551
58866
53524
52053
50043
53743
51991
59390
55122
58939
56171
55851
55367
52210
52400
54395
58622
55760
57532
55287
53138
52702
55264
50816
53744
58571
51313
53506
52000
59106
57453
51187
54859
52359
54121
55463
58690
55261
58817
53666
50690
52257
52841
58230
57703
56330
52028
51541
53232
50805
58131
58796
57058
53694
56208
56206
58275
55016
59989
56899
51792
51533
51558
52368
50387
52639
53880
52934
59262
55755
54730
56789
57692
59542
58396
53476
52870
58437
57146
54345
54312
52632
57928
59453
53309
53444
51009
57698
50818
55214
56325
54509
58924
51391
50233
59365
55532
54218
50012
53598
59307
54610
55998
57470
52056
51197
51553
54349
58707
55285
59187
58975
50848
51518
57133
56236
58372
52421
54400
56683
55221
58651
53922
55097
59415
55814
52799
58782
54612
52980
55822
53040
50315
57677
53493
52240
50459
57042
58553
56275
55645
55095
55696
53838
52551
51611
57561
55906
55132
58973
56382
55110
56205
59547
54730
59232
54654
57630
50669
50007
53110
56811
52366
51586
53270
55722
54652
56555
51191
52573
55437
51261
52891
51631
52915
56302
51358
52817
55540
52553
59687
59020
55445
57839
51476
54366
52573
54461
58835
50683
51187
53198
50415
58734
52591
55095
56707
55372
57943
58397
57530
57726
52820
54311
57108
50771
50870
51931
55425
55185
57307
59631
50651
58259
54275
57499
56347
51826
59179
52976
58886
57652
53960
59758
55069
52545
57998
58254
57271
52565
59825
54378
53605
58130
53170
52342
53597
59578
50962
56211
55617
55791
56907
54503
50962
56854
57969
51839
50858
55411
52698
51773
56903
50378
59703
55313
52512
50946
57779
50362
52772
58493
54211
58346
52771
58874
50578
55600
59980
57876
56053
58779
54506
58124
56598
55481
52191
56636
54748
53581
59393
58378
58732
55328
55078
52683
51571
55191
55323
56182
50481
53628
57741
58051
54433
52485
58472
50762
53040
51578
52380
52318
53053
50150
57866
53969
59747
51366
51344
50802
59170
52772
52801
51268
53862
50752
53136
55695
59003
52403
55965
53176
58144
53957
51487
50786
57704
50921
57615
59072
57225
51427
54103
52959
58011
50949
58662
57792
56235
53491
50173
56112
57842
51643
53015
51913
51668
55468
58260
55667
54053
58119
52032
55159
52959
54244
58658
54342
52078
55825
56438
54822
55756
58878
56821
52332
53698
53635
53550
53627
50350
50261
56982
57581
57635
51956
50168
57953
51258
57369
57530
54303
50233
54645
53989
51812
56418
50163
52288
50409
55919
56017
58878
58521
56985
51655
54252
57015
59700
56733
51867
54458
51198
54191
50929
55683
56393
54862
52218
51836
58295
57486
52848
51575
53849
50906
55419
59895
50961
58459
59363
53169
59858
58067
57441
56437
57265
55390
58342
51708
55003
51561
57127
54105
55591
51453
58840
56045
56151
53254
57062
58335
58518
55158
58374
51051
57839
50421
55767
56384
54127
57740
58875
50243
51259
59902
56569
59351
55727
50042
57946
55802
53082
51458
51015
51609
53460
53914
54511
51646
58843
56618
57157
54557
53770
55691
50455
57715
58112
51783
55581
54106
55208
51765
52374
56140
51180
56906
58515
53820
51558
58808
50013
52453
59488
53516
59882
58117
55745
53675
50513
57511
54517
58389
56640
52448
50523
50531
50059
58287
52383
51636
54261
59873
54396
55239
57031
58202
53839
50527
51704
55935
53771
59546
53261
50152
51936
52803
53736
56265
54801
50115
52504
57911
52050
55802
50945
53809
50903
59925
57705
54049
51514
50157
50299
55117
54434
52100
51191
55053
58573
59379
51609
57582
53488
58686
54368
56802
52894
59096
57740
52064
57297
59430
56031
56061
52357
52249
58924
57801
56216
58089
50894
56165
53352
59029
54026
59025
54767
56313
52431
57547
54304
52844
54117
55200
58706
57647
56644
56283
54670
56106
56204
59286
59616
56678
55841
56313
54107
52130
57466
50956
52975
50875
54044
53503
59061
51924
52854
54175
58191
55161
58117
52212
56500
57177
51398
51044
51580
51754
51219
57533
57000
53211
59078
56347
55757
50313
57681
58860
51932
58207
58615
59690
51419
55934
50917
52959
51971
57482
59022
54666
50006
55033
58458
57201
56639
54112
50274
56940
58196
51653
50722
56112
57134
59680
50949
55691
57732
59232
52612
56925
57146
51458
59191
55308
56548
55386
59554
52279
58903
54785
59839
56759
59665
59719
52066
50736
54171
51959
53092
50549
50844
57226
55464
58280
52430
51405
52535
55678
58471
52315
53812
56467
50952
53430
52905
51516
51640
50983
59707
55380
54018
51340
50428
52009
54922
51197
54010
52057
50982
59214
51086
54127
52799
54012
52118
57566
55434
50126
54676
54965
57219
50463
55881
58371
50159
51092
54985
54431
54280
51775
52767
50171
55147
53554
58969
52898
58488
52928
56376
54871
58355
50660
50254
55779
55588
52116
54903
53844
51472
55163
54830
59395
57436
51142
56651
53149
55392
54192
59289
55090
54886
54278
54198
58880
52634
59715
54449
50973
57175
55643
51319
53295
56436
55970
59719
53226
58775
57631
59264
54899
58740
57643
56068
51377
57201
55424
51493
58136
51805
55103
57926
54461
57734
55139
58471
50872
50671
55472
56897
57478
53551
55638
56623
50307
56193
50810
52608
50060
52229
56548
58051
50505
50886
57227
58568
51773
52109
57525
50118
57189
52298
51186
53378
50952
54482
56302
56490
57972
51137
51807
50136
56490
50089
55563
53757
58691
53882
50445
59409
54507
50903
51180
50208
58997
52104
51341
53608
54286
50672
56850
55890
52883
53225
59635
53113
50418
50194
52672
55530
52291
59936
55521
57022
50555
55815
57711
58431
54485
58009
55839
53853
50682
52107
59070
51947
56339
54717
56905
50059
52337
52220
52531
57631
51206
52608
54838
56710
58678
51872
52287
51663
56541
55834
52207
57193
58821
55465
59814
53653
52930
58792
52264
51273
52355
55288
54412
50433
57699
59269
54557
53383
58458
57303
50470
53925
58761
50851
58223
55477
56516
59475
58977
54693
56864
51798
51734
57307
57672
51126
53328
55286
56914
50125
50397
59478
59206
54298
51964
59968
51523
57110
55387
57125
56172
50588
52878
59927
52459
53955
50618
54567
57198
59445
57533
55586
58151
58833
56220
53792
53866
56395
54231
50105
57921
54041
59927
52122
55586
52176
53469
50667
56104
55483
50162
56905
54378
56261
50319
56669
51720
59224
57101
57600
56476
50735
51374
56405
51866
52320
50512
58087
50166
53024
56307
56351
59479
57673
55660
54570
51778
58423
56564
59644
58654
55118
51056
56916
54239
55928
56247
52867
53167
53487
54353
53781
55103
53335
52712
52737
56366
50855
55167
54386
53479
50072
56942
56792
53106
52719
56118
52272
57757
58770
56202
54693
56882
50312
55878
58915
58562
59016
54050
59229
57824
53803
50516
57521
53840
59292
55219
58625
59725
57586
51929
59883
55485
55558
55411
54273
56759
57404
54647
51629
59445
57464
58563
50468
53059
51521
54800
53720
53687
55671
56592
55256
50816
50677
57540
50552
50963
56242
59189
54005
55055
54049
51707
57518
55779
50606
53674
59783
55777
50943
53018
53362
57479
52036
57474
57166
50594
50448
59587
55201
53869
52158
58250
58558
53561
53776
56043
56552
52280
53431
59211
54631
58332
56511
55053
51217
57498
56099
59663
53000
56334
50505
57532
58381
58462
50578
53326
51708
53107
57631
55325
56778
58164
58767
59458
56649
58473
50135
52658
58258
53635
50242
54328
54512
58711
54802
55142
53638
55462
51830
53073
55356
51383
50673
57620
56158
58731
51520
54483
51422
55998
52529
54647
50410
59813
50205
53747
51266
56157
54876
59893
57089
55917
57219
50709
50839
51355
53657
53251
56418
56806
58149
53658
55591
59102
55410
56952
55590
50608
55903
51206
50222
50522
56111
54467
58094
58129
58505
57287
55167
55103
54420
58479
55266
52576
59597
56809
51420
52756
56552
56734
52912
54115
50119
52013
57807
53846
52520
57037
58372
51169
52159
52065
57292
50361
55945
55202
55858
52879
58420
50926
51438
53889
52194
52229
50427
59627
53319
51041
54611
58554
52043
59506
53442
51059
54160
52875
52029
59588
50612
53327
54868
53498
53378
52855
58267
50695
53784
52506
50252
51168
55325
54735
55307
55873
56854
55385
52749
58160
53570
51937
51747
53862
52603
55016
53038
50528
57202
50907
57261
55873
58561
53820
52474
50445
57093
58013
58914
59777
55655
51496
57345
56828
55619
55042
58440
56396
52987
52477
54568
59355
55798
50818
52072
56088
55959
51730
51681
55266
58338
58991
57037
56260
57474
50166
56492
50893
57549
54534
51315
53000
54446
53478
54220
52301
59624
53981
55758
52473
54334
50675
52495
51985
59240
56957
50174
50256
58932
51105
57053
51006
52970
59021
57486
59270
55150
51266
53499
58510
50481
58386
52547
59475
54995
55182
52967
53021
56987
51529
54735
54994
59494
54640
52037
52430
52946
55246
55916
56831
53775
58072
59774
52106
59462
55191
57883
51837
53046
59381
57214
53016
50387
53428
55864
51100
51678
50485
57173
54301
54578
50045
57210
53422
50143
53881
54718
57187
54308
56364
56865
52038
57008
54013
51152
59681
58292
59789
53708
55250
55734
58732
56868
53937
50307
52824
54380
54133
58496
54641
50926
50719
56890
51316
53693
52986
51746
52607
57695
57876
50081
59440
53226
50686
50758
52236
53422
52242
53696
51483
52201
53605
52872
56604
58073
56865
54096
52960
57249
53265
51661
51011
50297
58000
58945
56095
50170
54384
56767
52079
55877
58755
59914
57221
55274
51491
56599
55961
52496
58826
57826
56120
50420
54750
53660
56949
56192
52224
51199
59858
58349
58191
54690
50288
57346
57404
51686
56140
57410
55976
50383
55469
56548
56724
52369
53735
53282
54894
51884
58790
53200
54635
57396
50009
55796
53731
53807
56492
52207
56521
53928
58098
57459
52682
55986
52232
56606
52607
59885
58760
52771
58481
58700
55204
56481
53840
53451
54462
59957
53391
58589
57692
57026
59167
52834
55717
59194
58741
54992
53332
51091
56113
57237
52225
53946
56161
58929
59889
54085
59089
52538
53853
54511
52178
59461
52830
51563
52325
57630
58997
55372
54347
54647
58478
52369
56853
59930
50358
50463
59568
56828
58046
52671
53463
50997
50673
52943
57769
54466
56330
58753
56017
55768
53447
58587
56602
55264
51359
58907
52072
51372
56216
54392
55325
57787
53782
57275
50194
53990
56384
56498
58542
51322
57294
55003
55901
54769
52177
54033
52944
56194
53871
56544
50631
58227
53741
57969
52736
59270
50122
51478
50661
59156
51940
56610
51903
51874
53536
54687
55389
56485
54878
51794
53978
59844
59921
50239
56882
55086
54690
52428
52486
57952
55806
56843
55125
58991
59649
54443
57718
53418
52127
55209
55866
52006
59108
58780
58000
55742
57953
50184
50476
54199
51341
51504
56131
52583
55559
52998
59749
55220
56798
52654
54138
53907
50634
51484
56040
57965
51834
52917
52029
59140
53911
58618
50663
58517
50435
59744
58697
54537
53001
52227
55965
50882
53988
56995
55635
50513
55735
51229
53991
57466
51639
54730
56648
51142
58790
56244
56139
58783
56258
58231
59196
50569
57891
54931
50741
58373
53582
57867
55557
53553
58386
54906
57973
51401
54536
53903
54458
59858
57472
59589
54002
57908
53314
52849
56352
54744
51868
54836
58798
54206
56217
54459
57987
50259
57218
56701
54514
58381
58821
50969
54452
54567
58025
53181
53855
58388
51495
52694
59344
59051
59390
55305
50340
53703
55808
56564
56238
55394
54355
55404
54889
54024
56882
56719
57109
57389
53135
52923
55628
50991
59204
58754
55881
54683
53032
50628
50345
51392
55958
51716
57760
58199
50315
56547
53491
52852
54404
54464
57521
59451
57858
59515
52165
55459
52344
55480
52403
58484
54825
58658
57972
55322
53224
57742
57795
57664
57188
59681
54187
58529
59898
52758
56349
51046
50377
53295
50125
56476
59597
50360
53717
51542
57831
53656
57144
56058
55150
53367
56547
50622
51767
57149
53186
50691
59984
58705
50916
57773
54927
54378
55269
50631
56950
59107
51870
59434
54616
50710
51856
53590
53515
51965
57214
59650
52804
53229
59496
59102
58350
54466
51246
57152
58590
54442
50674
52633
56862
56593
56565
56110
51809
55606
52263
57900
55709
56103
54649
50270
59089
55003
56503
58383
58829
52074
58343
52702
56114
59039
58923
51500
50031
56135
51934
55901
52425
56502
50111
51431
59679
52968
56978
59452
57503
58840
50751
59055
55519
54197
54528
54983
59465
51800
51851
59988
50175
52250
56951
50656
50130
56295
54551
54193
50364
53307
54971
59894
52759
58838
56453
53138
55362
50936
58131
51585
51261
54395
53869
52982
54761
54507
59309
51492
52138
57018
51907
54760
58064
59000
56474
57091
52983
56102
56807
55052
51143
55299
57338
50559
53791
58616
57450
53106
57113
52578
55064
57149
59899
50163
55436
52888
51650
56874
55702
58667
57823
50230
55662
51052
55303
52462
50511
54291
57795
59453
51810
54282
57823
55118
58836
53448
59281
59280
53651
52007
52072
58883
59700
57972
58279
56863
55588
52949
57521
50421
52772
53290
57665
50534
58351
56488
55908
57583
51890
50837
54407
53725
58251
52316
54067
51265
56783
56441
59907
57676
50916
54362
51485
52176
51168
51909
52278
55779
58920
57460
52621
56607
57889
59523
51837
54922
55214
57743
56522
57801
54249
51691
53608
51673
56781
50224
58781
52046
53210
50468
53116
53663
55427
59565
53371
51057
58629
54179
54277
59010
55111
52487
54403
54785
55172
50865
50650
59153
57751
52811
50330
51231
56099
50789
53862
52925
51896
52605
55659
52375
54562
52716
55481
52237
51196
55408
57685
57821
56593
51203
51134
52210
52067
50014
58311
50258
56438
54617
58152
51116
52487
55788
53474
59339
57404
56123
50540
57972
56319
52994
55222
53085
53889
52343
57551
58150
50074
54108
53986
58403
52743
56943
54661
59834
51550
54599
51080
54837
54647
58849
58231
56704
52231
54142
53972
58130
58651
57333
57643
54670
57886
51756
59361
52727
55550
58691
51206
53028
54266
50830
51602
54800
58260
51739
54608
52883
57317
52519
56516
59895
59854
51855
53222
58182
59831
58493
53130
51826
52417
55795
52037
57225
58932
56494
58377
51887
52405
52002
59510
54992
51331
54714
52299
50004
50642
53648
54136
59146
55752
53425
53797
51927
57651
54124
55008
55055
54439
54882
59462
59052
57451
57204
50174
57694
58173
