64943
60519
69982
65516
66624
69066
60774
61703
62399
65441
65439
69027
62280
67799
65945
69002
64486
68259
60605
60117
62796
68625
67437
60270
69554
65103
61511
65238
66670
67330
69976
65096
60373
64030
64576
66341
66731
64869
60337
68693
64053
65664
60888
62016
65136
62023
65379
60611
67048
64685
69332
69266
68630
68363
61922
67859
66227
64726
65171
69075
66298
69323
66307
66838
69489
61687
63179
61436
64533
67657
63997
61001
61890
63034
66923
67994
66448
68080
62069
63655
65776
63103
68303
62991
65463
66373
69952
67823
65872
66960
63946
65642
65279
66750
66254
67572
62831
67837
67560
69645
60986
63767
62040
67725
61205
65718
69844
67956
68517
67571
63402
61378
60311
67071
60061
63515
62178
63768
68686
67122
68985
68301
65876
69075
62481
61712
68209
60395
67677
67946
60548
61804
69012
67490
66840
65875
63890
65149
69101
60822
65547
60403
62274
60325
69416
64468
67551
68336
67159
64227
64369
67814
60364
69536
61807
67539
61531
67041
63383
61710
63438
60633
65343
62937
69203
65919
67481
60375
64466
63692
67234
61268
69986
65268
62335
65978
67628
60789
64678
63675
65264
60099
68201
68321
66384
64649
66579
62298
68408
68032
62301
68110
69566
62215
67320
66949
68042
66310
66873
66581
68609
64809
62300
60042
61365
62620
65732
60890
64410
64934
69363
60424
67277
61007
64708
67183
64775
62246
62700
69289
61528
66669
63795
65767
65945
63747
68337
63828
68611
65928
61373
65286
64168
65727
62806
66787
67632
60155
63356
65319
65796
67498
69104
62590
61880
64949
62610
69321
66891
69466
66534
63194
64333
68355
66499
62311
65801
60563
63542
69340
63806
64407
62905
60228
64699
62600
65141
65367
68993
60789
67583
60365
68550
61564
69024
68248
60111
61906
68188
64797
62493
68397
66976
64012
60376
61139
62842
61220
61094
64315
60678
67227
62047
68598
63576
68107
65484
68182
63506
61684
64251
63138
67519
63604
66809
65991
62437
62981
62329
69940
61156
60072
67017
64996
66642
66133
60917
67445
65544
68700
60426
67520
61889
63904
65496
69927
62800
61087
62060
61984
62348
64007
69639
64492
66745
67221
61234
61209
63899
65835
67674
63803
63030
61768
61357
60501
65543
69905
64999
68303
66608
63075
69434
60592
68032
65658
60764
64246
66911
61809
61244
62950
61290
65785
60161
66299
63563
68647
60666
67506
64763
67760
66034
66035
67995
62925
64134
65347
67271
65714
62047
60073
68818
66667
63696
61392
65475
68340
62130
64186
61288
60903
64657
64613
62562
60979
63431
62141
63733
63692
66271
65824
61244
62561
62504
60573
66276
61761
66474
65586
67680
60549
66948
63677
69726
60183
64130
67263
65413
69568
67248
64015
64970
66995
64750
62769
60935
61878
66011
68212
65725
62183
68191
61043
64965
60344
64352
68850
60007
62937
69286
61798
66064
67078
67645
66326
68155
69600
64891
69574
65668
63423
65365
66983
67777
69215
63329
65639
66152
69423
62243
66298
68461
66092
64698
67779
66023
63461
60480
68403
61599
61309
63031
60511
68845
65222
65220
65749
63184
65549
63778
60758
64996
67645
68028
65186
69929
62211
62583
66535
67857
66030
65595
69252
61557
60180
63839
68671
68539
64964
63388
63970
64611
68192
60004
68114
65751
66223
66483
66922
65652
65201
65127
63858
69899
63329
62305
61910
64166
63658
68604
69029
63030
60911
62495
68980
68066
65124
67593
65174
68718
69543
63635
61101
67117
60121
69104
67276
68496
69217
69062
61296
62142
66649
65218
64562
63924
67125
66490
66491
60363
64264
67419
64616
65916
67897
68667
66909
69729
63155
68513
60847
65405
66981
66805
62257
67577
60108
63113
65860
61965
60311
68990
68523
61483
65795
60170
65751
69478
65934
68319
61666
62655
60284
63510
62879
60461
65759
67973
66977
64711
66193
68885
67147
63142
68098
62967
65413
63203
61402
68472
68338
67894
64150
60792
60692
63742
65736
66344
64531
62126
64107
65685
63427
69054
68527
60843
64159
65237
61035
63748
61101
67851
66481
62372
61720
67722
63197
68639
65164
60834
63751
67552
69710
61051
67989
60072
69047
61713
68646
63244
61783
67405
63138
69849
63372
63565
63869
66389
64719
60878
63344
62640
67162
63402
69720
68167
69191
64249
63016
61251
66328
60300
62159
63434
61918
67920
68271
68605
63224
64921
60161
68917
64200
60126
63867
61151
63563
60808
69259
66156
64409
60012
63217
60944
69484
60280
60704
67646
64454
67694
62168
66108
60049
60291
68148
67180
62762
67881
69693
61919
62977
66107
66266
67852
68825
66182
61171
67225
63877
63140
68230
63708
66835
69692
62412
63446
61806
69802
61454
63513
68465
65951
65095
65854
62400
66731
63516
67614
67319
66890
66781
69388
62404
60227
62677
61381
60098
66857
61167
63714
61860
60266
69911
61194
62020
66325
66742
64755
62768
65936
61854
61452
66531
65392
64514
62430
65487
63642
66598
63591
61853
63665
67965
66819
66679
65945
66729
60581
69393
65627
60906
67478
65079
61368
66533
62872
61575
63106
61393
63144
63886
68040
62784
64281
69104
68928
62359
61545
61053
66516
61026
68779
60236
68363
62143
61535
61279
69626
61758
61671
67062
67473
60572
62309
65978
69715
63442
61135
66362
69952
68749
66889
60029
66111
61758
68598
65068
66559
63235
69630
66581
68181
66988
68927
62863
63764
67764
69971
63712
61832
63985
63917
66970
60685
68175
67148
69230
69789
61609
65037
66664
65928
68712
63101
62401
68524
61053
63935
67535
68438
60362
63308
63896
67177
64986
61649
68068
68954
64392
67755
67746
66317
61907
60027
63546
61165
66757
66790
61590
66901
62634
61316
64843
64182
61528
69073
64018
62282
68350
64404
62130
60424
64022
61354
60274
68617
62100
68691
66037
65503
66781
62298
60139
61516
68171
69057
61312
69240
64078
65103
64252
69310
66265
67922
60516
69380
63104
66110
67685
65756
69867
62853
67789
62137
62508
69157
62038
67560
60745
60711
65231
66151
61449
67886
69864
64545
63971
61807
66936
68965
64823
60739
67697
62843
60398
60041
68213
67628
62834
65870
66476
63929
65989
67510
60041
67517
65570
65684
60666
64880
69929
64556
61293
65983
65748
63259
69842
67693
65923
68724
63763
69930
65295
65348
69050
68015
63596
68621
67547
68916
63922
69202
66715
66142
69410
61139
66810
67882
60362
62944
61395
65638
69018
63031
68472
66120
69437
61709
61167
67415
65454
60300
68862
61568
60612
64286
61935
69645
60091
61397
65880
62037
66199
67483
63449
66339
65764
62688
66697
67480
69889
67948
64322
69943
63992
67182
63533
69893
68753
63660
69835
65826
60688
69976
62565
69959
64404
69835
68824
68980
67299
66416
63487
62030
61454
66459
68431
65806
66759
61439
69774
61550
63957
67175
68008
66330
66203
61065
62179
61526
62987
61760
65973
64698
60828
69538
60509
67139
61012
66913
65894
68308
65827
68065
61224
60103
61245
62578
60595
68423
65813
63658
60877
66878
62618
63533
65585
67625
63641
69026
67960
67322
63551
68468
65571
61953
63041
67020
68176
62905
60185
61283
60379
68083
61984
65592
60693
66071
67233
61830
69040
68401
66190
61748
65395
64850
62116
65822
63353
69313
64687
65474
63695
69339
65555
66141
64703
60653
61844
67106
67934
69125
64277
60273
60424
66542
62791
64135
66907
63282
63995
61087
68501
60531
61633
65897
67559
67014
63337
60698
61890
60410
64377
67155
65385
61575
61877
69623
66262
60502
60989
64027
68577
66540
67942
65982
67440
61820
63489
68245
63459
66054
64351
61938
67334
62924
69498
68229
61239
63132
62755
67134
69652
66830
63161
67933
68630
68648
69734
61334
69186
61832
67848
66961
67371
64073
60335
60999
60955
66578
67550
67913
60186
69602
67187
67027
67992
62259
66391
69454
63229
61741
65879
63386
69077
67256
68162
66059
67546
66981
69758
68854
60187
62103
60295
67937
64587
60637
69807
66611
65967
65113
69188
67096
63333
62473
67771
68894
60003
61525
66302
68019
69041
63204
63202
66451
65189
61507
66935
63949
66176
68477
67565
65013
67979
64894
66092
62235
60550
69436
61102
63518
62801
62984
68366
64740
68225
61476
60585
61309
65448
60265
61240
61760
61196
65273
68644
64037
66702
61409
63730
60461
62413
66708
67828
60482
60005
61399
64778
61283
65175
64782
65057
65047
69461
69127
68308
68306
64427
69115
64638
63113
66943
67322
64365
62048
60013
61140
60506
69017
69621
64164
68247
65667
64413
65592
60851
68857
61671
64421
62047
68058
60008
61390
60795
62863
66480
60475
65508
69798
63411
63517
61295
64553
68112
66081
65627
60443
66902
69998
64911
66399
63348
68217
66901
68133
69509
60575
61638
64246
68069
64863
66636
64991
62771
66192
60427
65183
64281
69078
62239
64285
68727
60869
64593
66122
66572
62214
69899
67844
60155
60095
61754
62788
69287
61628
66577
64689
65629
62317
61468
61360
68206
60726
69712
64361
64400
62642
66244
67486
63022
61722
61565
60928
68662
60346
64071
69897
69406
63925
67611
66139
63237
64292
63148
68344
61943
62938
60893
62708
65214
62866
61968
68102
61736
68603
66752
61202
68584
67522
60420
65733
64956
62049
64848
66507
61410
61542
60086
63375
61143
64692
67885
62354
65574
68118
64376
61252
62528
64542
68959
64881
61628
64347
61680
60649
68185
67670
61932
68697
63811
60249
67204
62070
69282
65173
61759
61442
62740
64407
61637
65813
64239
68513
64170
65306
65849
60330
67329
64677
65065
68556
66635
66490
68083
60139
65141
61045
68682
66182
65010
66081
67905
64681
67621
63050
69498
64802
62789
68321
66156
61671
66687
67064
62052
67650
62379
64750
67790
65965
66463
66235
64992
65185
60294
65188
69045
68558
64448
67289
60185
60469
60708
69044
65071
63424
66667
60340
63255
62857
64257
62929
65568
63781
64988
68918
64325
62873
61518
63034
68461
61899
67241
69949
60262
63594
63078
63268
64157
69040
63335
65919
62213
66426
60603
62628
65431
64640
63009
63937
64711
61589
65819
67766
60457
66332
63400
68935
65157
66202
66827
69244
69053
64906
67081
60716
64951
65277
63662
62446
64654
60821
63745
67103
66071
63511
67508
66628
67067
61353
61178
67880
69386
68202
60482
68078
63538
69996
63713
66787
63491
66156
65413
65859
68176
62211
68803
61270
65358
69924
67510
61129
62276
64119
64898
62226
66579
61237
62354
63494
60566
63253
66270
68460
61509
61966
67108
60379
60931
62957
62973
63095
66086
65491
64381
67899
67651
64547
66578
61642
68612
63795
60637
64196
60688
63815
64868
63978
66304
68167
63581
68728
66054
61005
61142
64939
63882
63844
65429
63480
64823
65841
66300
60764
62995
61449
61474
64576
60798
61714
64372
61124
63771
60582
65866
65269
69391
65636
64654
68943
62285
63408
69018
63789
62742
63058
66108
62758
60224
68605
63553
62011
68637
69145
62214
68828
65548
68501
68205
63444
63229
60633
66899
62735
65429
64784
61593
61494
60143
64837
64750
62684
65261
60605
60270
61490
60967
64946
61141
69250
60029
69444
67974
62448
64694
63175
60454
68778
66830
63590
65492
67051
66138
65905
63061
60177
69820
67576
63042
60809
65874
67380
64222
67334
61403
64434
69602
63899
66730
61099
60561
61858
65920
65104
66087
61639
64385
60473
62301
63408
64653
63874
61793
62086
62094
62866
61901
67308
63418
65174
66026
61725
62098
63618
62274
61680
66539
69598
69325
62741
68738
69149
60244
68839
63499
69494
61189
67827
60829
60747
63404
68150
67044
66974
63740
61033
63330
63144
61048
60093
64043
69706
63207
65601
60835
64476
62327
63757
62886
62321
63676
62296
67947
66735
67309
62487
63705
63805
69997
64179
64048
68309
69096
64911
60215
63716
69277
66319
62534
62717
67662
61078
64465
62584
62857
61417
67023
60133
68584
65931
68275
64342
63211
64802
69601
60811
62322
64837
67664
61134
62653
64806
68626
62001
62222
68411
69049
63374
63289
66967
66141
62466
61888
66344
68506
60370
60116
63049
67434
61202
65109
62486
67881
69406
61682
68351
67775
69452
63990
65885
64045
63601
65234
63295
63877
67627
63456
65023
60072
61415
65743
67743
60125
61237
62795
64977
69644
63144
60751
69048
62093
62414
67395
69718
68454
62264
65427
67297
62413
66161
66358
64295
68912
61967
64764
63730
66515
62890
64129
64110
66936
69745
62318
60808
68286
61392
66829
61024
62117
65378
67420
64913
68189
68799
66440
68515
65040
60163
65252
65148
68871
66675
68509
60616
68076
67753
66722
64217
65812
64817
61546
61862
68395
69451
67543
69869
63048
66870
68759
67964
64525
69300
68427
67866
66498
64364
65313
69452
60221
66839
60815
69970
69959
68274
66760
62993
61954
67863
65053
62913
61273
69694
66812
67632
68785
66045
60429
66828
68740
63741
65123
65663
65936
60767
68984
64128
60293
63282
68234
60374
65833
69017
67515
62291
60479
61584
69356
65382
62916
61699
64677
66548
62794
65498
65152
62780
61001
67209
62605
60936
67399
63266
60176
69841
64488
67631
64970
68695
66762
63567
62140
66487
67199
65398
65871
65495
64270
64886
63674
68258
65142
60780
66497
61453
63334
66825
68735
62004
61977
63039
68956
60437
67049
67448
64336
64035
68492
60610
69193
67613
60925
63258
60760
62943
69859
68159
63413
68725
63744
60922
65913
61833
66975
60867
64914
67082
64078
62329
61994
67182
60664
68790
60750
66725
62502
67093
65136
64060
60036
66658
60146
62753
62048
69101
61189
69930
68795
66944
69062
62286
61932
66202
63297
61768
65776
66573
67830
62041
62103
64645
69450
63711
68509
60119
61281
60988
68643
62368
60665
64974
61090
64832
63270
69085
62561
67732
62956
60261
60162
65357
60015
65542
67021
62810
68768
67384
65274
68490
69163
62611
60545
62826
66036
69339
62432
60828
63998
63366
66223
65851
65518
60540
62108
64662
64712
64458
69473
69354
69599
69456
65516
69961
61133
67317
69399
62712
68188
62375
65422
62804
63854
63775
61266
67274
69913
65510
60306
63111
63144
64594
60149
68095
69245
65188
63131
67020
67584
61871
68290
63924
62737
68340
68541
61767
66824
68796
61193
64560
60031
68023
64751
63416
65380
62741
60017
67170
67801
61196
68934
60296
66888
60156
60279
65681
67296
68478
67391
67489
60728
64248
69425
69832
68643
68120
64280
60230
65426
68926
68310
63001
67583
68909
65220
66560
65757
64972
64107
60407
62794
69239
64531
62090
62959
66936
64705
61773
64468
62065
67415
62235
69967
61719
67123
65080
67314
67980
60862
69746
66094
62314
64979
60485
63641
61126
69576
67922
68059
62704
62567
66021
64684
65187
65698
62324
66783
62368
65554
69180
60853
69161
63629
66370
61872
61388
60868
60971
64045
65166
63730
68641
68184
69632
60793
61566
67705
62994
61199
62260
61419
65981
68816
69123
62788
68632
68902
69194
62119
66083
67269
65907
60288
66494
65461
64827
60020
69614
69308
68284
63501
67577
62373
60669
63140
60512
60249
69714
65682
68269
66464
65525
68545
66170
65830
68331
61263
67048
66457
68008
64190
64065
67410
63215
61297
68779
64942
65727
63752
66783
66661
65957
66289
68847
69547
69003
68874
68948
64786
66621
62077
61860
69589
69474
65728
61996
63803
65701
66932
62130
67000
66431
65320
65296
69935
66177
60542
65671
62816
66247
69434
64587
61640
62271
68030
65939
63013
62733
66654
61201
67333
64005
64694
68040
69989
68795
65349
68060
60319
69157
69609
68630
68469
62226
63067
60912
60999
66733
68768
61237
67135
60990
64217
65795
68865
68529
60933
69229
69759
65858
60489
66192
69343
67917
61834
61157
62132
60726
60893
65868
63013
67427
64914
65695
63583
63499
60861
65847
67242
69249
69254
65913
64370
62857
62296
66530
62777
65240
67864
65097
62729
68778
69012
68408
60339
65552
61989
68851
67891
67170
64456
67356
64738
67471
69603
60708
67822
61446
61136
62989
66577
68572
68756
60970
63009
66409
63670
61048
64060
60798
68921
61011
60056
62293
69868
63299
69951
64550
66040
67763
61397
69318
66755
60916
61234
64413
69386
65620
69901
65593
60966
69827
61489
60589
60955
65473
69664
63744
65403
69008
68550
62665
60507
63117
66785
64094
66593
65182
62461
64806
61956
61752
66395
64765
69640
69918
61290
63975
69249
65797
64753
61543
60199
67603
64816
65279
62407
65750
67675
62862
65382
65249
68655
61055
66898
66330
69104
67756
68005
67635
63841
62776
61993
62604
66092
67132
61100
63742
69413
67405
66278
61346
69004
61219
62092
62962
68049
62276
60989
67350
68210
68535
68577
62069
67273
65110
64320
66916
61074
64235
60086
66407
61294
68281
62383
63245
65519
68184
62776
61294
60993
68912
64981
60963
68955
65608
66447
62101
62115
68918
66844
69506
63869
65675
65802
63994
64203
61587
67517
67582
63854
65862
60364
64809
65298
63820
65543
63458
66375
62450
69970
67041
69967
65597
65109
68268
61058
60006
65244
67422
60676
60811
65831
62101
64793
65205
64974
65059
65063
66038
68829
65067
67433
62834
64804
61619
64145
66369
64762
68090
64388
64338
64154
69531
68991
69881
61979
60639
64895
61762
60775
66681
65914
64881
65471
65129
67261
62428
64871
68582
62709
66490
69758
60227
64857
62211
67188
61483
60979
61692
61404
67773
69166
67761
67979
62418
62097
64443
69298
60554
68657
60521
66282
64638
66824
64934
63395
60657
64795
67894
61397
69436
61145
69628
65044
60621
68956
69410
61000
67814
63344
61150
64603
62126
66548
68251
62788
67990
69867
69645
64483
69429
67122
60969
69090
67208
60006
69708
68291
67289
61767
60771
66336
68829
61946
69477
69235
65605
61576
62198
63813
68191
65220
61000
63463
65479
63462
67579
68623
63194
67097
63470
66483
63953
62133
68078
66242
68110
62954
63434
63350
67131
69499
64714
68613
61578
63168
68584
65763
63912
65304
67187
64173
62262
61563
64210
61751
65077
65275
60877
66734
68158
62958
63948
66103
64930
65580
64848
62632
68021
69850
68891
62217
65248
64866
66234
68058
65882
60768
61695
68513
63748
67697
68827
60983
62143
65351
64759
65097
61798
65649
66251
64592
67223
63671
64091
68825
68611
64873
62554
61642
66222
69851
62962
67431
61634
61404
65567
61660
65600
62517
61946
65893
65374
68016
60901
65388
65319
67120
64448
60692
63366
68892
66909
63396
62460
67663
69324
60132
60538
60924
63485
68276
64752
67883
64692
61383
65670
62908
60043
62330
65025
64420
69535
67415
66194
66445
60520
65159
60045
67009
62205
69483
60060
64813
65771
68084
69703
63242
67417
63326
61879
68626
66197
64796
65054
67932
65843
69751
63087
69540
69955
60161
66162
69627
62909
62757
68349
65828
64615
61580
63243
69297
65891
60871
62931
66077
62595
69842
67071
68756
60914
69858
68265
69828
63246
68854
67132
68833
63952
67458
65432
66429
66930
66185
68500
69852
62445
63342
68796
65892
68934
68832
60907
69449
66609
69910
64513
68054
63592
61117
65991
65266
62068
62140
61131
68820
61442
64128
61194
62563
67888
67114
62030
64777
64793
68637
61287
69291
66629
66407
61905
69979
69533
65876
60999
63652
65506
67002
62034
61178
63548
63119
64729
61704
60272
68878
61549
60302
64589
63460
61809
65031
65907
69961
64443
65461
62944
61711
68311
61032
60742
61578
64538
64272
66772
60840
68856
60859
63087
60093
63133
65796
60441
65841
64410
62546
61988
62885
66571
69873
68726
64484
64551
69369
66210
69327
63439
65139
62220
66822
65169
65978
68039
69940
63645
69526
61809
67900
65080
67329
61013
69378
64072
69525
62561
60560
67548
67972
63183
61410
68064
67000
69877
67767
65157
61723
69999
66567
68450
64848
63268
66364
69044
64257
63429
65608
66345
65295
65594
66672
65950
63668
66415
64486
60445
67104
68129
64852
69067
66540
64257
68956
64050
60505
64292
67442
61169
69546
67032
69514
69538
61116
67413
69971
60985
69141
69660
69805
62520
66659
60363
64088
66314
64372
68697
64189
60395
62744
67415
60100
69831
60342
67475
62605
62539
66535
61192
64340
66091
62385
63685
63425
61854
69557
60028
63276
60676
63465
65999
67428
69898
63455
63631
68788
64991
69864
68841
68591
60326
64990
67362
61503
62664
62679
66901
69839
67875
69050
68010
61628
66035
65175
63502
64428
62607
60979
66401
69174
63714
68534
69414
66123
61642
62007
64689
68001
62676
61038
61219
63830
63114
64067
68697
60588
60881
68220
60827
68860
69566
62793
68143
62943
68876
64030
60256
65469
60521
69988
60106
61575
61385
65550
68256
67857
66442
69349
63596
66930
62335
66301
67894
69274
68822
61734
65558
60217
69308
65675
66708
61419
63626
68772
61186
63027
65897
64533
63505
64762
67801
66089
63873
61671
62941
69520
68437
62990
61096
69958
62673
60638
62107
61111
65431
67218
67914
63644
67608
62098
67812
62953
68588
68130
66412
62240
65684
60859
65944
62528
66646
66731
64594
67291
62954
66690
60369
65675
62120
66850
65604
64982
60498
68431
60706
60018
64202
65078
66963
64189
64657
66797
67325
64836
67037
66298
60963
63171
64372
65295
62072
67409
67475
65462
65956
66210
60995
61161
65675
68385
68891
68799
60753
63967
68401
60746
65319
61208
60190
60097
66868
63859
63779
66245
68368
63139
61582
60240
65834
69241
61923
63197
60702
67913
61242
60650
61308
68674
68404
60669
60652
62579
69447
63812
68203
69086
69456
68532
62008
63544
69301
66532
63568
69096
68932
68746
62076
69378
65636
64104
66441
61303
65185
60072
63263
60411
66208
66042
66407
64824
63220
68117
69160
67653
61776
66545
63081
61868
69976
65136
68610
66101
64165
65359
61250
64641
63080
66492
63727
69939
63929
67198
68891
61369
65934
63205
60349
69697
61702
60390
67801
62719
64483
62488
61900
63895
69836
67909
69063
62427
63507
60690
60138
60216
63447
66466
68066
68397
62805
65570
68763
63738
62446
61805
66325
63087
66113
67295
68365
62282
68676
60893
69798
64441
68102
60098
63688
61395
64742
64143
65962
61189
67323
68992
66679
64021
63652
63352
64345
68775
65435
68469
61319
62392
60851
63510
67754
64718
65574
62587
68683
62183
62763
69149
63925
64694
65225
68364
63232
61462
68443
68382
69822
63123
61421
66895
63799
69490
63432
60323
63304
64550
68656
69096
65247
62884
67423
64021
69397
64619
62330
65510
69286
69213
69835
69598
60893
61913
63107
62059
65409
60543
69905
64736
65498
64465
60012
66186
65436
61975
60391
62191
64262
67215
62634
60281
67639
62726
66486
66489
68521
69216
65290
61810
68921
69777
64056
60472
65061
61863
68481
62072
66036
66635
63794
64856
61750
61952
65516
67979
69310
62253
60393
66471
68357
65835
64637
63786
64857
67630
68342
63335
69775
63486
69511
62184
63751
60155
68442
67242
61393
63746
63427
66668
69149
68203
61656
67010
68828
64546
65059
69590
64815
61059
69371
68075
66750
64398
66147
62819
61054
61670
61702
66567
64031
63935
63935
60418
66504
62300
67917
68563
64930
68801
63737
65250
66776
65597
65598
67656
68560
67667
69465
63931
63423
66135
67627
66516
61347
61672
62486
67043
69204
69950
68616
60608
69720
64077
61639
64018
68121
62128
64868
64727
62744
61411
69790
64615
61215
64967
64473
65509
66939
69915
64750
61387
61586
61766
66646
65597
68006
63555
64932
60080
64623
63768
61908
67613
66672
62409
62578
67348
61912
60303
67202
68601
68406
62705
69918
67717
69807
64677
62557
68119
69216
62307
66115
64207
66131
60824
68400
65615
62251
67932
65338
69530
60995
68284
65105
65292
62451
62896
68824
67261
60201
65538
68905
69084
68950
66661
66276
64924
62213
64225
60736
60940
67480
69997
64443
63386
62167
69305
67151
68055
67489
62026
63252
69472
68902
62688
64869
67237
61196
67941
62319
61237
63480
60377
63095
67048
64330
68709
63210
67783
60190
65655
60183
68904
60753
66512
65292
68046
63482
63375
63763
62788
65715
62250
65536
65479
66842
62860
65930
65738
64957
63873
65110
68018
62057
69489
67583
63786
69389
66837
68127
65271
69862
67478
68541
60493
67572
60473
60388
67331
65442
68907
62507
67768
60733
66566
68485
62128
64762
66541
68515
67111
67533
68918
62101
60739
60206
60463
62926
61961
68318
65192
64865
62563
66500
61081
68605
64309
61082
64831
61620
64779
60393
63525
60366
61229
63864
69335
62447
63006
60077
60997
68283
69514
60810
63681
66290
62568
62822
67094
62983
69056
61622
60185
69560
62288
61798
69650
69505
68150
66621
68591
67536
65217
65563
61142
68841
66385
62161
68668
68939
63222
66200
63186
68755
63276
63600
64123
66520
64836
64566
65173
67977
63312
65579
69095
69018
68289
63643
69583
60385
60579
61808
61040
62332
64142
63460
69005
68262
68622
69119
66285
60270
64419
63564
62424
66244
63714
62978
67042
67718
67674
61517
60786
60046
62186
64207
61169
61581
61883
68396
64403
66587
64998
69133
68479
67352
69603
64773
67231
64592
65201
67893
69865
61660
62279
63150
65549
67289
66457
68118
68048
63642
63148
65324
61094
61302
63290
63723
61231
60498
60622
65664
61181
68331
66220
61041
63450
65079
66591
63773
60853
68731
67450
67007
67900
65855
66537
62511
64590
68588
65270
66634
62044
62123
60894
69855
67634
64388
67846
69511
65781
69794
69550
65577
69445
61897
69542
67524
66461
65629
63919
66213
64356
68329
65466
68565
67049
60250
63487
64298
66931
69424
62375
63418
66205
62811
66250
60348
62103
65534
66623
65578
61600
62640
64965
68563
62602
63308
62314
66207
60222
65746
63612
69727
68723
62084
65309
68971
61991
66508
60995
67284
67976
66603
61270
61975
65454
67418
60895
65060
64653
60113
68396
66523
66853
62218
60678
67623
61847
64508
68016
64934
66364
60297
62785
66734
60973
66559
68700
62134
67780
62676
66009
69891
66321
61881
62057
68262
60441
62463
65982
69420
64682
60699
60884
61997
64696
65097
66775
63106
62587
62048
62828
66860
64678
66264
68034
69835
66203
65479
65220
65188
64697
67809
64564
66216
61411
61898
69261
67027
68026
64516
67769
62676
64120
67623
64202
63667
69373
67096
60870
69987
63352
68267
64699
68037
64833
69240
62319
69713
62129
61544
67005
66697
65603
69083
64299
64554
63712
60610
62153
60646
64250
67941
65760
67049
63227
62030
66806
64676
64826
61656
61875
67638
67210
64969
64926
67500
60615
62422
64344
65539
66124
60732
65944
67377
65794
61421
69458
68424
67377
64219
67572
60462
69819
65141
63337
69380
68880
61433
63942
61611
65795
60709
66250
62108
65688
69612
62222
69857
66645
68105
60451
67863
64767
69108
63376
63300
65355
69607
68410
60098
65410
68605
65247
60621
68081
69303
60892
65284
65364
67775
68594
68962
61420
68045
66770
60894
65185
63982
69287
60377
67616
61679
68996
64024
65874
62131
62290
61613
64010
62907
63650
66620
67332
69259
65619
64412
65505
69641
61469
65796
67665
67981
64927
66085
61350
65187
63778
60221
65885
65381
61885
62578
60018
68117
67237
66045
63046
66456
62016
68750
68480
62188
64312
68336
69348
63712
60165
63102
64658
69140
68889
66525
67259
67017
64239
66668
64341
69752
68953
64815
63181
60305
60411
68312
66365
60977
60723
61033
62707
64248
65431
61142
62334
69536
61180
69919
67013
66470
64220
67276
69685
64800
68395
69305
60403
63444
63406
60690
69363
66325
61563
60175
61581
60627
63968
60357
61926
63889
65170
64082
63648
69981
68647
68431
68344
60379
64197
63893
60397
66444
62296
60677
64286
60382
69777
66339
68930
67478
65829
68886
69201
69829
67226
67355
61134
62277
66936
67503
63955
64555
60854
63673
69062
69750
63215
69187
63334
68102
62473
66659
61752
66881
65907
66539
62198
61650
63014
66859
63533
61546
64883
69710
66562
61392
69172
60236
66338
66426
68045
62138
63414
61237
69492
69573
61092
63078
60821
69114
65542
61166
66798
67021
65680
67794
63895
66427
60168
64115
66407
66269
69562
63340
69862
68797
62673
66715
62003
65300
67562
63167
61949
60340
69206
61757
63624
63234
67869
67216
60479
61768
64464
62732
64649
67210
61793
60901
65242
61577
63437
63284
67212
67797
65312
61375
64427
60927
68390
66944
67949
63909
64955
67695
63294
64462
64902
64989
68506
60700
63050
63958
68235
61768
63216
62773
67701
66410
69885
67046
64403
66731
63714
67395
64774
66646
62817
63049
67556
64487
67800
62039
65631
67076
64872
68991
63296
68220
67972
64851
66485
67998
67865
68943
69359
60510
63380
62700
61835
66783
67595
66140
69122
66476
69658
62670
66168
66648
61136
65194
66986
68433
64322
66639
61320
62745
68779
61001
68809
64281
61508
66802
63891
69047
65653
63461
63045
64377
62363
62477
69651
61998
60575
69587
60757
64084
69856
61054
64325
69406
62149
67135
65166
61755
69313
68437
62696
65562
64677
66321
63899
64353
68459
66836
60419
66052
68907
68762
69605
65455
63249
60241
65476
68250
65154
65219
67100
62844
68298
60461
68673
65954
68845
66249
67699
65438
63172
69046
65110
69154
61016
62375
63916
61771
68353
62973
61014
62409
68810
62863
60172
64746
67151
64422
62873
67790
63504
64724
67701
69906
62359
67518
68271
60898
66114
66019
64294
66928
68940
67367
60341
60904
63108
60099
62066
66583
66533
69256
60255
68101
67282
69853
68892
67879
68067
68361
64652
64949
61309
63580
61690
62617
63279
62809
67439
69076
64038
66590
62210
67091
68408
65461
67857
69222
62048
65123
68484
63143
65877
62247
69240
67603
61515
61698
67623
63322
60231
67430
65379
64664
67927
63489
68100
67358
69136
68619
63900
64699
63684
67829
62203
69677
60718
66915
68574
63326
66126
61451
61804
60193
61034
60016
64973
60280
61020
62552
63132
63099
67967
68651
66387
63502
69058
67302
68687
60881
60329
69178
69410
63008
65390
64877
66976
63284
63466
67715
61118
65516
64743
67641
63235
63456
65149
63638
62247
63286
67164
65561
66795
65999
68045
62814
63284
63186
61911
66457
63253
64150
67556
63405
62894
64424
69560
66210
62124
65821
66307
69612
60583
65945
64832
65494
63131
60720
69090
61188
68026
66967
65210
62168
66790
63290
64532
69098
65963
66623
62869
60910
67471
68676
62290
60154
66079
61193
69955
64193
69584
61470
67059
65992
69790
69902
69766
61226
60062
69430
63182
64233
68337
62761
68864
63925
62795
66933
66146
62189
61114
66425
67653
61560
63203
65358
69760
65955
61633
66542
69482
68139
63579
60149
60304
60246
63047
67580
60783
69155
62388
66772
61429
66829
67646
63596
67308
66793
63190
60294
66109
61900
67231
65936
63992
65190
61327
65815
64430
65260
63796
66328
68487
69861
69064
69474
68493
66637
62413
66356
60894
67885
62333
62260
68245
67010
60749
66794
64747
67955
64748
61356
64504
65289
62123
62760
66787
61893
67054
66231
67974
63189
61516
63186
65545
61735
62681
69224
65551
63673
66451
65566
61303
68981
62554
62831
67687
60790
67157
69468
62450
65116
64835
68435
63122
61277
62925
64783
65774
65003
67754
63690
69758
60769
64084
63184
60750
67251
66197
68303
62977
69972
61493
63778
60325
68156
65215
60425
65175
68650
67974
66425
63285
68316
66109
68388
62821
67772
68604
68699
65698
63531
63278
65012
69818
62683
69269
64967
61508
64074
62458
64202
68451
62633
65396
68568
64797
68950
63556
62076
61728
64533
65290
60564
68768
64234
63715
67331
63380
61283
64974
61037
68969
67093
68777
68092
64337
67512
63950
61414
60827
69597
63831
64964
66937
68104
63804
68800
63998
68913
65974
62501
60688
67344
64061
65780
68597
62991
64981
63847
65847
69041
62200
61684
60837
63342
60031
65741
63623
60480
67256
63784
68108
68999
63156
63642
64282
65556
68910
69393
66061
68285
62583
69187
66951
64938
66496
62359
62699
67465
61618
64704
67396
63619
64814
69915
67051
67902
61262
62018
62591
68696
66196
68368
62438
65804
67192
65270
63327
62743
60710
68604
66895
61180
64297
69978
68694
60615
68938
64884
65767
65089
64419
63064
68684
60050
64218
62912
64030
66796
65465
61073
63738
68903
63796
65639
68376
64934
62560
66317
62505
64381
60768
67799
61595
69266
64396
63164
61604
62118
61254
62632
64301
62163
60449
69198
63696
65446
63701
66793
61526
61383
67225
68484
62624
67715
69733
61903
64249
68267
64197
66658
66944
63010
68471
63730
68363
67947
62601
60067
65609
63123
68716
62475
66151
60658
62751
63696
62107
61119
65942
60139
67793
65782
68041
65091
65849
64368
63472
63449
62941
62696
66299
64029
62077
62367
69794
63311
64918
65044
61644
60133
64099
67233
66388
64280
62559
67525
62535
63184
64130
67198
63024
60016
67248
66812
64148
63340
61531
65959
69897
63199
65185
60681
65768
60998
69738
63252
68556
60893
67419
61978
66344
68516
65665
64478
66009
68813
62696
66500
63884
68535
67872
69747
68943
60501
60643
66416
66840
66116
62286
65194
67447
69859
65352
63309
68163
64420
66770
61901
60181
68036
61877
67450
65176
66166
68320
60300
65379
68132
60706
62410
60943
65581
69187
60390
64617
63709
67727
66600
65290
68082
60706
60630
68754
69568
69744
65850
66142
67407
66125
60853
67959
65790
68070
63626
64342
62419
66228
67056
60242
68495
65246
67982
67622
68325
64030
68424
65395
63317
62412
66857
61876
69519
67337
69420
63772
60051
67383
65813
60414
63785
60473
62317
61803
69467
65962
64813
64348
60085
68938
68007
68674
65757
61529
63147
69789
64659
63308
65440
61070
60592
60443
64106
69999
62662
61160
62556
65418
67267
63306
63505
63183
65061
68301
64047
69511
65918
64618
68646
69075
63034
63104
63811
67964
63269
65860
66848
69972
64572
60238
62442
68386
62911
69558
65118
64408
60537
62564
62613
67701
64561
64352
65081
64099
69884
62515
67705
60524
63305
63619
69766
67346
66284
66723
61524
64001
62282
62684
61348
64553
60862
60196
69469
66046
64793
62160
61450
64024
68302
68831
63997
66362
64313
67452
68111
68700
66009
61551
69733
62188
63382
66978
66005
67005
68590
65856
66085
63160
64843
64121
69033
63464
62355
63074
67710
62227
61418
60477
66878
67256
67082
62110
65684
62004
62090
60426
69628
69363
64757
62971
64722
68511
66266
69558
67064
61486
67532
63859
64318
66684
69200
62009
61722
62389
69611
68131
64126
64586
64658
64236
67324
69830
60308
69898
66466
65731
63295
65269
66687
68751
67982
69568
61282
61427
67712
65987
65697
68887
67102
63113
61421
67569
67698
62448
62473
67457
63143
61347
68566
62771
61599
60819
63295
65107
62555
68015
62696
67278
62316
63942
69424
65759
67531
67974
60409
64551
68893
62072
61393
63538
67793
69251
69963
69951
67184
62836
69887
62441
64123
65279
63390
63430
65567
67939
64806
66909
60880
66090
68533
65653
64181
66666
66609
63963
67209
69759
66356
69441
68670
68719
66555
60080
69185
67887
61377
60988
61903
61413
64920
68455
67602
61411
65587
67722
69654
68796
68819
64835
68659
65528
68684
62262
68705
62712
63708
62564
67240
65034
60000
64358
68372
68344
65184
60030
65034
63844
69955
65247
68902
69301
60183
66152
68219
65009
61391
61324
62742
69754
69171
62091
61926
60002
63646
66553
67140
63689
63431
69841
61229
68558
64714
65526
69068
63795
64061
60861
60862
62882
69339
61589
65927
65048
61754
60419
68413
62476
63404
66945
68031
60498
69005
65806
68211
68419
67458
64145
61327
69339
68800
69090
65630
68342
64734
60889
61343
69763
66425
67566
64040
65928
61521
62552
61826
61662
63482
67577
69140
61203
60215
69333
64062
66703
65704
69859
67875
60407
67936
67465
65347
65827
68693
67080
61701
66745
66030
66375
67576
66700
68162
66738
66381
65806
68330
66234
69448
66161
63795
65078
63080
61924
68515
62785
68244
65202
68323
60197
67954
64290
69423
68883
69667
66531
65912
64994
69976
64088
69672
64654
66711
67235
66476
63135
69225
66460
65434
60684
61044
61606
65004
63700
60357
63569
67722
61156
62877
61650
67516
62661
68488
67567
68033
66345
67797
65333
67733
61880
67219
64750
67702
66396
61537
65090
61081
68760
61027
64688
68827
60782
66169
61648
65114
62245
66746
60617
67095
60371
63681
60690
67973
63305
61369
69891
69390
61509
65435
62410
68964
60595
65894
65775
61503
64031
68461
66496
67876
64426
67445
64368
63826
67622
62078
67565
62127
64738
64387
62951
65357
63435
60818
68618
63350
61221
61670
68547
68879
60382
62121
62528
67502
66256
66124
67972
62667
68014
69781
64107
65129
63833
63930
63185
66569
60404
66631
67804
60850
60124
65002
68212
62811
67939
62420
68554
63697
63860
61490
66431
64384
66449
65383
65827
62392
67183
60154
69524
66363
65578
68468
63421
62160
60137
60811
61866
68000
60811
63690
60025
62200
64462
65601
66647
65961
66072
60610
68101
65397
64854
66286
62527
61539
66312
67393
61119
64377
68352
69315
62087
67210
61996
65433
61692
60518
65028
60884
65899
60373
69897
61022
65638
65016
65628
66702
68472
64631
67133
60036
69516
63591
64337
63714
64888
61464
67827
64114
61673
68963
67334
63489
69395
67643
64342
69311
69346
67670
60294
69500
69769
66240
67475
60698
66845
60357
60506
63038
63717
61585
62536
68886
62374
67112
61773
64968
66113
61016
60731
66949
63510
61969
62752
63065
68363
68782
67752
68729
63897
63175
61899
67153
63685
69947
63996
61994
66183
68317
64689
66775
64583
64643
63326
62421
68735
65916
61271
68615
61325
65528
69786
66895
66192
67587
65221
63411
62693
63803
64178
67086
66368
67370
66554
64569
62804
61627
64936
66789
68562
67327
64676
63220
60296
61302
60182
68996
60809
61018
69411
66934
68652
64058
60405
61192
66114
68940
60796
61829
68973
63806
63655
69827
60198
62550
60790
60290
68967
63697
67682
67469
65808
65962
62569
69037
64459
65858
65931
68590
61123
66915
65566
64755
62202
67130
66795
62471
62295
61132
66925
67023
65285
66184
68054
64218
62667
66653
62528
60767
64922
69849
60917
67328
63706
67249
63270
62961
64907
69020
60557
63825
65186
66526
64724
60795
67544
66979
62584
60410
64667
66814
60888
61059
62306
65494
67350
61621
68806
69435
65153
62945
61052
66547
66502
63461
61536
65472
64177
69005
66061
60033
68710
63497
66655
68620
62810
61497
69685
60293
63964
65878
64869
64232
60751
63830
66910
66822
68371
62271
67815
61158
64085
69349
64608
67016
63863
62174
64117
65481
67384
62182
63777
61294
69716
68599
65004
67746
64509
67370
63552
63462
65316
67589
69537
67789
68810
60017
68278
61659
66069
62551
61980
63769
65855
65677
61436
67745
66876
66878
66348
64497
64376
66707
62706
65475
60089
60847
65684
66668
63587
61821
66964
60317
67355
61252
66094
61101
67539
68554
66493
66260
67270
64765
68088
64582
69670
60884
60201
67470
63249
68492
60250
66419
63227
66722
66143
65138
68535
63704
62795
61295
65715
62499
66118
62378
67757
61221
61042
62551
68037
64587
63649
62525
66940
69418
61342
62459
61493
69771
69123
68679
66410
68342
64504
68628
68298
69497
68382
64858
63470
65908
64249
68113
63789
65129
63561
61597
64297
64644
60752
63348
60976
63943
67454
61358
66945
69986
61780
66492
60612
68074
65198
61599
69891
63564
66494
61300
62434
61152
69569
65839
63022
67494
69438
64117
65755
69853
68673
65599
60484
68118
64757
68084
60047
60086
67332
68543
67305
60195
63186
67184
68710
60047
65934
60691
64212
65000
66848
69207
61660
64864
63056
63034
67546
68323
69395
69239
64928
60065
60644
65431
63694
66834
61540
67787
67908
63587
63027
63110
69959
63797
64513
60135
61440
68559
63572
63648
66265
67602
66480
66026
62379
61585
65256
64767
64629
69104
69468
61287
62819
63750
63951
65803
65808
66229
66829
65484
64633
64079
65706
68202
65024
66841
63792
62215
62499
67672
61821
62884
61200
63333
66127
61143
61070
63250
67993
64847
66607
64923
64478
63369
64451
67324
66340
67835
66343
66139
64384
64251
68654
64728
61566
64450
69554
62454
64553
60254
60196
67737
65082
69533
66811
66562
68396
68964
66484
68492
63359
67191
60567
61265
66391
63831
66186
61966
69301
64297
68089
67446
69291
67773
60217
69189
67930
65838
68798
68112
64738
62220
66526
62976
60179
69940
60419
61972
62299
60719
64343
60857
61064
62942
60862
62541
64480
68683
66048
62462
61047
67357
65243
61231
63751
63401
67318
61074
61860
68073
69963
65417
68120
60901
68743
61572
60586
64655
68254
64955
60299
68769
64536
69512
68293
60089
64116
63114
67996
66535
66539
68543
61997
68821
64043
60421
65372
67708
64162
65911
61253
69453
68472
62373
68215
60085
63432
68259
63158
69929
67348
64512
67848
63412
60815
62463
62058
65583
66741
60822
61326
66026
69969
68717
62748
62884
65906
63943
67960
64545
62101
65610
68448
64240
66723
68160
64702
63244
63082
69407
67355
61707
69910
68657
65427
62191
62996
62263
64051
69960
64938
63007
61667
65757
66274
66611
64557
61365
63059
63375
64810
65598
63086
65425
66329
68523
65353
60412
62335
64718
65155
60610
66976
62124
60218
62317
63093
61700
61652
64232
67998
64459
67215
65036
69188
66721
63336
69810
62319
61459
66675
62090
64497
63444
65613
63414
66927
68594
66990
64989
62365
63388
63663
66777
64384
68494
64001
67729
67512
61889
65314
67160
69513
60639
69391
61332
69696
67239
69813
61192
60048
65978
67509
66914
69165
67110
63171
62406
62528
61812
62521
68253
66448
68867
63236
64715
67233
64810
60322
67343
61506
62875
60164
66529
68450
62502
62108
68893
69804
60386
60452
62767
68848
66094
69031
62272
65324
60127
65187
64463
69268
69974
69847
61847
63068
60178
65696
68221
67703
65737
65967
69221
66092
64244
62239
60221
63760
61108
60840
63323
64596
63925
63919
62016
67402
66586
63063
66840
67133
61089
60478
67841
63248
65184
65143
69966
66451
66933
69132
65670
64220
63103
62327
64940
65021
66859
62120
66732
60839
61697
68405
67352
67791
62741
63116
60726
64942
63580
67910
62694
62197
66707
63192
66453
69127
68222
66619
69135
67977
63020
69467
60098
65693
64894
64781
69990
61823
67168
62135
65885
61386
63308
69970
61868
64411
63766
68007
66333
66732
64798
68999
66963
69854
67366
61260
61835
61231
69415
60781
60482
60102
62778
64534
61795
68234
66753
64586
66675
69345
64011
66054
62043
65757
60895
60568
69435
65950
63421
60936
65754
62043
62300
62010
65975
61971
65185
67341
67606
67156
62002
61188
64518
62771
69687
60646
63393
64396
65967
63257
69511
61793
67923
61289
69821
67813
69951
65099
60326
68033
67537
64455
61728
64636
67725
68516
61913
66230
64571
62272
66431
63871
68008
69711
68405
62333
67540
61672
67447
64891
67966
69455
63134
69274
62945
63586
62300
62280
63624
60847
61042
60588
63794
61641
61654
65737
60041
64110
61961
61921
65273
61011
69486
66320
66608
60299
65739
62961
64135
60604
66533
62828
65316
68367
62689
64835
60927
64228
61740
64599
62336
62488
65339
60510
66648
68920
68928
69517
65785
69048
69956
68234
67945
61088
68417
68528
65002
65230
68821
60563
67448
63633
65829
60436
69211
63598
66742
64005
68339
69728
62793
63278
65905
69596
67757
66825
64766
61392
66782
61070
61809
61377
60538
65047
62197
63549
69808
67204
61779
63878
63434
69201
64317
66721
68204
68294
63471
61549
62671
66837
65572
64029
68213
64752
68159
66657
69641
68360
60956
60648
64619
66893
60523
62575
65801
66222
67155
66406
62139
67843
62787
63970
66118
60008
61628
64672
61806
67058
61032
68307
64573
62446
68749
63199
67073
60729
64060
65579
67669
63905
64600
65096
66856
67860
67640
65682
64443
65391
64516
60585
65253
63330
69508
65344
63943
62599
69990
62704
60153
61695
62945
69024
63660
66055
64030
62630
65475
68047
69322
60697
64875
64884
66581
62785
64257
64708
62420
65937
63417
64250
64105
68369
62316
65046
69917
66213
66790
68994
69923
60522
64716
68202
69866
69809
61162
68531
64421
66736
69766
61028
62529
66288
64177
60516
66723
66720
67774
66008
60412
63911
62079
63348
61932
64350
64281
66467
61859
61919
62120
60029
60533
68892
60010
62845
66049
62105
63726
68428
69074
61148
62246
66331
69753
66579
64401
65481
63714
62693
64882
68648
68703
61144
68843
65380
60748
68872
66852
69272
68917
66200
62256
64274
60700
68710
61183
63879
65847
69582
61319
66530
65103
67411
69386
60304
61678
68255
68807
60092
67544
69600
68419
60810
63657
68278
60327
60977
63102
63983
69943
61945
68779
64942
64150
69447
62756
62577
64098
65783
62699
67512
67622
62887
61882
60184
62537
68841
63214
65471
66113
62954
64432
62262
67926
67449
61162
65692
63003
66998
66898
61876
69645
60874
64106
62446
61668
66333
68666
68869
67928
65983
60628
64665
62939
66364
67858
66936
61147
69731
65617
67360
64022
66135
64261
66754
63479
68272
69375
66636
67354
67319
63451
65844
62690
63964
65905
60182
60358
65198
68714
68311
60241
64084
68233
67683
69590
66672
69855
60142
68467
67516
61112
68046
65248
62829
60508
68220
62031
68214
63962
62870
64516
66125
68044
63721
63406
66731
69397
68052
64728
64707
62679
63048
64586
63599
65185
67972
69817
68917
64879
61982
69773
60839
60006
69150
66038
67522
62677
61199
66252
60420
65847
62792
65434
63701
62986
63831
63190
60913
62384
68148
68022
63335
63520
68219
60583
66173
61221
61085
66180
60638
64428
61538
63071
62305
60315
64801
67201
68663
61228
62447
65860
61721
61452
62080
62509
64726
63164
63437
62465
65566
66119
61015
64496
63292
63558
66027
66512
68318
67636
68605
64460
61348
61295
64489
62316
60828
69874
69146
67631
63821
65013
66258
61465
60614
65444
66819
63752
69057
64105
69686
65141
60675
68679
64405
64189
66927
63155
62312
64397
60635
61280
62532
69058
64575
68881
65313
63118
66487
60964
66361
60335
67359
61201
62288
60905
67740
65979
69142
69430
65028
62531
63058
65586
63254
60828
64544
60204
65657
61900
65627
67597
69549
61049
62165
60898
62403
62991
61979
60963
67879
67425
63158
60955
60598
67716
65876
68084
68861
62445
65365
61222
65234
69414
63313
68079
65947
64388
69885
68482
61372
62285
68803
60896
61532
66884
63491
67822
62514
66154
63147
61919
61975
64282
63798
68796
64480
68168
60865
64308
60342
65704
66614
63862
64829
65535
67936
68781
68137
63112
67372
60072
60359
65891
63027
63083
69833
61258
61065
67498
67728
64416
67867
65852
66469
69857
67598
60351
64737
69279
64929
62125
67125
60843
61970
69296
62309
69537
63087
60193
69546
66050
61198
65915
69711
62069
64412
62049
63709
63178
62398
62812
68043
66658
67771
62141
64636
60393
68942
65325
69555
60821
67389
61664
63214
62410
64097
63331
62812
68486
67048
68122
66337
63416
64066
64114
66251
69118
63071
62370
60152
64672
64842
69776
65181
66395
61775
67884
62682
67169
69791
65161
69745
68045
69541
69469
64644
62164
67378
64781
63899
60926
66168
61139
69724
64961
60947
69710
67939
67972
64686
65393
68114
69789
64971
67923
69621
66088
63276
68619
69599
66126
64692
64067
61401
66612
67474
69841
64969
69316
68552
67123
63855
62435
63314
62549
67066
60842
65342
66956
67798
68379
64584
61831
65244
66090
60471
63210
60146
63945
69846
61532
69520
69978
68289
62539
61071
60026
67394
68673
63235
63275
69847
62646
62473
63680
68815
64849
65482
64987
68038
64099
60320
67581
64307
66844
67105
68642
64521
63418
65884
63234
65431
61172
66569
62836
65331
63389
63424
69565
63446
69789
64461
68891
64613
69097
64348
60978
63909
66691
67942
60970
68375
60646
60389
61500
60685
67628
68915
66513
62678
66052
60845
64085
65051
67660
62219
67326
63182
60267
61414
66712
68039
63782
62616
64198
65461
68838
64668
69350
66693
62347
61880
60375
67996
67148
64695
68415
67407
63508
69764
61767
62263
68741
60965
67798
61992
67409
65140
64210
66833
68690
68945
68089
64662
69353
66097
60662
64896
60491
67502
68077
60570
63671
60295
63669
67116
67467
65648
65146
69095
68519
69352
60957
64247
62139
63648
63649
67509
66329
63558
64500
66411
69563
66038
62885
63212
67144
65710
65921
68448
63094
66596
68759
65194
64560
65353
63566
63273
63561
67799
65736
67877
66498
67211
69117
67633
65327
69804
68200
63016
65547
60105
64084
67185
65210
66499
62792
67814
66085
65147
69033
60313
62744
68661
65867
69918
67920
64490
60904
62598
62750
66749
62632
62456
68671
64435
66262
66342
63710
68390
67099
64793
69613
69174
60838
62081
67896
68083
64432
67145
62221
63963
68215
61485
61753
69164
69806
69741
65129
69018
63007
63565
67498
60572
60366
69685
63743
67912
66376
68597
69419
63456
69394
61173
67221
66772
64251
66689
60851
65159
64293
67250
60058
63059
61093
60389
60298
60618
62469
63759
67994
65229
64558
63255
67684
63725
61737
68638
60479
67049
68911
68809
64212
63679
64336
62246
64413
62873
67543
66774
61799
63878
66156
66875
66399
62654
67441
66017
60569
63377
65289
66107
63224
67993
60965
66119
65383
63469
66494
67183
62801
63000
62776
61963
64875
64410
60683
62056
60298
66274
62280
68283
68980
69838
61031
65280
66678
62771
64430
63566
63420
68923
69803
69408
69381
66868
64234
65231
62133
68783
62515
61053
67369
60397
62836
60498
61119
62212
68514
63293
65263
61944
65498
69859
69679
68253
69587
62565
63804
66209
64366
62566
67522
65660
60706
60722
66355
64702
61337
66053
68720
61778
69492
65422
63673
61577
68903
63697
65985
61899
63527
64499
61687
60882
69321
67847
61249
66613
67083
62492
69495
64024
64942
67522
61010
67201
61404
69992
67316
68733
65077
62691
67445
61617
65110
68971
66618
63312
67234
69568
68741
66084
63853
69754
67151
62469
63077
63808
64634
69854
60801
67806
68116
63510
61974
61043
65634
63163
62076
60991
63186
64196
67464
66661
66905
60926
63729
60466
61614
66036
64519
69232
60282
67212
69357
60885
60154
69320
67922
64522
60400
68026
69974
68062
63018
68674
64651
69482
63411
62458
60229
64769
69594
60426
65580
68139
69265
64718
67566
67826
62163
65572
64380
63804
61035
62105
63449
62153
68325
64639
63956
64505
67259
66452
68224
69939
65375
63214
63278
61064
65776
69080
63750
65602
66345
69459
69946
69730
60036
61798
60378
69701
69946
67366
66364
63782
61353
69004
67388
67460
69135
62072
69843
61015
63088
68404
68487
60069
65524
66002
69517
66528
65228
60399
66471
69437
69380
67140
65398
62723
60348
68689
63641
69536
67414
63209
67436
60928
64421
67109
67089
60036
63109
68062
64928
61562
68464
60258
60451
60359
66800
69059
69135
62258
69486
67954
66220
64841
65239
66722
64450
65853
61728
66043
65234
62151
62872
60470
65976
62655
61654
68616
62432
64646
69543
66701
63862
63918
62682
69170
60481
65809
61875
68032
67246
65917
68135
60739
65376
66447
68025
64973
63164
66556
63373
67557
60618
62808
68068
63822
68269
68911
60595
63266
69064
62279
64713
67081
63714
68627
62285
63234
64055
64836
61597
65179
66056
64583
61779
60998
63933
60903
68866
60778
69523
64736
61926
61391
66522
68787
68284
69473
67501
61565
65320
65379
62709
67352
62590
63155
63595
64017
62086
64154
60697
62100
66327
64839
65107
65386
63690
62513
65049
65318
67877
66241
64296
69020
63752
64083
67120
63456
64919
61892
65256
66288
69335
63399
65976
67402
68049
66082
66775
63703
68695
62405
61402
63820
69776
61418
64020
68637
63959
61399
63107
68208
68624
60292
64409
65519
69714
66965
62715
62843
60581
63039
65506
66943
60979
61933
67662
65288
62589
69086
65303
66606
66546
64906
68576
65603
65343
69862
67742
63471
66146
69392
64270
62945
65090
64786
68814
69086
62445
65078
60920
64711
66671
64093
61105
62466
61323
66291
64559
63883
62539
64807
67126
69454
66419
65176
68461
62759
64957
68640
64286
65972
66432
69639
69538
63706
61131
63113
66857
67079
66130
68592
60341
60126
63477
69681
62789
66252
64567
69533
65765
63277
69775
65157
65708
61799
66467
66009
66070
63130
60408
65219
64979
69816
65266
64992
60306
63917
62443
61294
69150
65620
68774
66715
66755
67534
62755
64605
60661
68041
60948
62002
69485
60468
64931
63670
62149
63520
65744
64637
62617
62407
67191
64043
67204
69402
61519
68798
66417
67200
61028
61589
60935
68351
66981
64115
61797
69330
62819
63072
68195
68300
62134
63370
62340
61566
63112
60358
69804
64841
60223
60393
65451
61957
60838
67016
69645
65488
69132
68190
66724
60823
62149
68602
67960
67701
63230
69836
64137
60930
66132
60423
68721
65108
69127
67177
61177
66486
62110
69064
61403
68832
61332
64882
60486
69141
65764
66472
60030
63323
66269
69877
62141
61647
63801
67879
64843
68636
65649
68710
63165
62347
69392
67360
64427
63546
62663
67875
67369
66144
63110
67317
68668
66424
66969
64644
67130
60138
66595
60663
65377
63285
66962
68435
61203
64571
68666
67016
65941
64929
60291
65275
65168
62257
66117
66676
67847
67575
66112
60364
63627
62158
63911
68681
64437
63919
65035
66319
65724
65269
62015
61730
64738
64017
65268
67101
68122
63481
68585
69262
68723
67913
65910
60192
62019
64580
61737
62481
65859
64423
60878
62038
63303
69044
64632
67613
67276
62997
69455
64317
67464
66816
61098
66185
64439
68056
61917
61060
63345
64697
61512
69620
69637
67742
61234
69160
62350
67543
61181
61934
66176
61473
64302
67321
62201
68914
65931
66815
68605
63226
68704
60982
66841
69347
62148
67889
65830
69972
63459
63238
66607
62919
60984
63455
62477
67153
64742
64332
65242
65258
68963
69469
66346
65642
60059
64715
62878
68668
69712
67088
62313
67077
66836
69254
66569
62536
64037
63532
65526
67004
63919
62594
62491
69677
68077
67590
69256
67724
66942
68231
66399
61793
61772
63524
65237
65270
61061
66333
61456
69701
62343
69683
66877
67425
67004
67844
65016
66487
60041
60608
68153
62190
68944
64908
68483
64274
65877
63920
63572
68634
65141
60167
66836
67745
63559
65770
67041
64506
64854
69946
66926
60090
60365
61159
69985
67565
67490
68889
66136
69556
64183
67897
61587
60007
62458
66076
65529
67240
66435
65505
66481
67921
60724
65153
64057
69308
63123
62839
67759
60187
61524
63521
62953
69300
68706
60733
65650
63723
60226
68129
61904
68673
60063
68441
64706
64501
65807
67898
61094
66271
60236
65182
64860
66247
68930
65317
65736
69852
64202
60554
64203
61228
64092
62263
62188
65373
61397
60133
63834
60059
61824
67565
67242
62164
62204
65024
67628
69926
69411
66368
64712
64683
68157
66661
62283
63151
61123
63825
65903
63991
68062
60655
65485
60503
61416
68156
63067
64634
64779
65957
62563
66182
67098
60628
67454
65073
69883
68150
64458
63875
66918
62471
66052
62356
65934
68136
62384
65815
69573
61291
63621
64156
68579
60028
67013
69235
63593
62005
69126
63880
63222
64518
62549
67160
65090
69845
68159
66986
63475
66521
68531
62918
61849
65466
65465
69181
61122
68383
64733
60318
64728
64696
64170
69665
69832
62438
66986
63874
69857
67973
60800
65083
67334
69205
64307
66026
67598
67005
67718
62350
63285
60017
60157
60735
66751
68682
67049
61010
62559
65365
63197
65401
64990
68803
62727
68302
66190
62749
65385
65488
68983
60629
69736
62587
64674
60333
67777
68791
60197
65825
62171
63298
60891
65174
66864
68750
64850
67810
64201
68099
62331
67336
66815
68724
68991
60074
60551
60382
64897
63661
65471
61643
62183
64482
65595
62799
62968
67496
64440
61955
65769
67115
62665
64973
62978
63161
66143
69269
64196
61690
67673
66061
60230
66446
63166
65624
60366
63086
63661
65327
61165
64934
67778
60790
68507
66025
65361
66395
65816
64424
61940
62510
60524
66446
65385
63344
67679
60260
60692
61110
64316
65604
66131
69307
60722
64842
64238
60381
65033
69443
64018
60736
65758
65117
66603
69151
62749
68278
65147
63011
60913
66332
61199
60458
62529
64314
63992
65535
63411
60844
66160
67742
65366
67067
69213
66998
62404
63270
64795
69970
60964
69200
63210
63962
65079
65776
69007
60101
65839
67825
64502
68444
60755
69776
66041
63816
62731
68807
64545
62643
60213
62856
61392
67919
69780
64120
63081
61489
69975
62186
63248
60326
60462
64772
68630
66178
63762
68225
66306
66053
67750
64358
63217
64347
65854
65007
65309
66126
68484
60772
62940
65061
63584
65788
61172
68812
66419
66117
68480
69280
68692
65349
65027
65102
64938
67351
62158
68953
69758
62753
68062
62847
62896
62717
60631
60425
60453
60824
67484
66467
69572
61478
64838
60303
60822
61156
61466
61646
67223
67017
61298
64460
61334
65934
68444
66929
62184
65827
61347
63325
61920
60352
68584
66628
68030
67432
67441
69137
60737
61926
67802
61962
66739
62786
68101
63322
69861
65485
67170
69836
66360
61180
65615
64654
67668
65129
63065
61176
66149
68197
63097
61369
60097
66944
65913
63237
62650
69761
60005
62889
65544
68767
67878
62791
62710
69812
67717
69335
60609
65781
62351
69619
61881
61651
69267
69474
66411
63243
60583
62210
69214
65487
69843
60274
67714
60116
63327
60092
61894
67234
67149
63733
69582
69910
67823
69697
65716
66093
63237
69146
68783
67513
62990
63190
69863
60954
61900
61462
69688
63306
68180
62154
66969
68163
68234
68913
66869
68340
63326
60573
61942
65694
69476
65565
69139
66879
60859
63999
65524
61255
68705
66965
62254
65091
62232
64336
61065
64384
65525
69540
60003
67175
64402
62149
65489
65052
60317
66915
65912
62706
64131
60910
67919
63836
61170
68819
60297
61513
60446
60100
61958
61179
65087
60733
69879
64845
68122
66574
60076
65798
67576
64956
69695
64135
67524
66113
61104
64755
67215
66239
69541
61153
68675
69563
64292
60249
64305
67669
69646
65822
69895
60497
65928
60664
65209
64944
62838
60500
63856
63781
66967
65904
66467
69732
62906
62005
66422
66999
62681
69562
65309
65245
61381
65191
66102
69111
67772
62959
65651
69722
67491
64336
64488
63291
62950
68597
61182
65966
68479
61160
60522
63332
61439
63053
69649
67611
60038
60742
63942
65558
66397
61870
64924
65264
69082
69135
65755
60633
62714
61466
65976
68217
63576
68961
66100
62196
69178
65615
64338
69865
66646
61783
62345
61733
69476
66531
64166
67503
64722
68541
62767
61598
63012
63101
61507
69675
61899
61831
63675
60597
69017
61288
61863
66725
65284
66333
60316
69052
69925
64274
67658
62724
68528
66162
64429
62758
62493
62349
69709
69435
63278
60442
63788
67740
67648
65112
69308
65474
60782
60886
61593
60240
62526
61002
60005
66339
68360
67671
66050
68831
60689
61715
60707
63470
67985
62398
63004
68081
68988
61533
64178
62997
66677
69431
66972
65683
62061
64117
67564
67348
60965
69395
68425
67457
67930
61782
64021
65381
60120
61130
67664
67146
60680
64827
67065
69193
65396
60886
68170
60412
68693
60918
61735
68287
65006
60045
64733
64960
69421
67099
69180
64246
67055
65169
64263
61184
64165
69446
63755
61590
65162
66656
69591
60265
68844
67919
64257
62969
63992
64788
69139
69134
69221
66437
63362
69362
64430
64475
67799
64201
61581
60729
61909
68451
60617
62466
66876
68281
62311
68989
67090
66826
63583
63336
63447
67619
62388
62877
66185
64181
68695
63015
61980
68433
65222
68910
69916
60182
66654
61170
63580
64889
68859
62781
62036
67154
60262
66219
60697
62921
65997
61631
64248
64263
61687
69256
67656
66810
67807
61838
68062
61345
67453
65701
69866
67937
60027
62341
67688
63060
60888
65942
67044
67622
62309
66046
60558
66524
64239
68761
68320
68470
64297
64355
64600
68088
65203
63852
69567
61122
64409
62355
63841
67429
65084
62189
65813
65848
69803
64702
66457
69609
68306
65563
64077
60875
68498
64750
61868
68283
65516
69059
64495
61876
67132
61947
65975
65700
64996
62763
60073
69532
60339
65056
66147
67674
69608
61500
67926
64580
60202
61229
60049
64185
69015
63878
67358
62253
66780
63470
64932
68775
69376
64438
62622
60550
63173
61539
66461
62404
65277
65187
60731
69219
61106
63820
68709
69922
61089
65320
67148
68889
65512
60211
69393
69841
61511
60402
64726
62259
69075
68551
66974
60542
63498
64812
63744
61754
60235
69650
68716
68608
64320
63732
63380
60571
60607
68437
61294
67433
62970
63473
67495
66512
60303
61281
68076
66770
64649
61423
60051
60547
62140
62019
69660
66393
60548
69411
68040
64484
68185
61726
66771
69526
67673
66771
62262
64699
64652
69773
67133
64207
65912
61904
68810
61301
63586
66208
60404
63250
62097
63612
66600
64686
62346
67999
67773
65977
63267
66011
68822
63855
64338
64181
65341
67369
63870
63294
68639
63444
66994
67441
62860
62811
64133
63151
61998
68856
65456
62187
61951
69100
69310
60119
62910
61418
62955
61631
60401
64858
62058
62661
69030
67986
61357
68938
61630
66043
62648
60264
67912
61890
67848
69963
60935
64698
64243
69331
66778
64660
66244
67629
62624
61617
62982
69180
61154
60418
63894
60486
64615
66083
65076
61914
60220
67383
67655
60472
69634
68351
65652
62468
69243
63369
64920
67436
64586
63028
66586
67614
61922
64715
68170
60457
62214
64029
63017
65223
68010
60555
64029
68482
61652
64257
60810
67552
64065
66829
60294
65347
66954
65684
69658
64871
67672
66973
66931
66703
65230
67994
69074
68203
67999
68678
69491
68890
68456
66443
66987
62466
68034
68647
65943
62298
65595
62115
63180
63817
66345
69762
60390
64262
64098
60224
62277
67473
68735
67566
69646
69012
62412
64641
63526
64811
62625
65492
61152
64738
67584
69288
67098
61025
69525
60729
63211
60295
64559
69593
69118
67139
63443
65163
61005
66588
66288
69637
60173
62656
65587
68291
64392
60186
66235
63190
64509
67640
68199
61523
65937
69195
67385
69267
69649
65514
62896
65806
60173
63926
64366
65402
68655
60363
61340
66944
67555
67410
67769
64272
69774
65043
68617
65579
69090
63289
62289
61859
60672
68864
62154
61197
60116
61123
62763
67800
67000
66152
61542
62113
64212
61655
64733
61100
67517
69482
67104
65826
60707
67069
68615
66858
60486
63850
67569
66662
61780
63791
69085
62187
68583
60598
69697
60128
67603
67852
63787
61974
62031
62365
65212
65881
60527
65375
67949
67662
62203
62859
62892
63729
61780
63204
64032
64702
60404
67738
66162
69582
66642
67235
67988
66856
69072
65387
69054
60762
66597
68464
66255
67990
65106
68889
65875
62589
69413
69320
60061
64554
67580
62961
62437
60653
60643
65289
66170
64386
64528
62168
69207
65696
62525
69400
65645
60010
66064
69177
69216
60502
68741
69587
64745
67109
63538
64373
66089
60727
66030
61484
64550
61308
66968
60585
60047
64068
66122
61678
68428
68961
65472
69254
62229
64694
63971
68972
68919
60083
67921
66798
60180
62353
60764
63685
68175
64100
63547
62484
69872
68060
62682
67534
68519
61588
64729
61586
62097
60793
68892
69144
62256
67652
66681
60117
63583
62102
64742
62708
62320
65115
61277
69938
65697
68046
68640
69850
67858
68188
64729
65511
66073
60379
63595
67231
61368
69767
61352
66107
61021
61384
66884
64921
66470
68045
68138
69739
69074
69294
63842
63098
67937
60580
67374
67626
68512
63683
64231
67094
68062
66500
67012
60466
64236
62767
62185
63340
65982
69999
61044
60307
61813
67019
63181
61244
69051
60795
64586
64314
69078
66003
64046
68537
67870
69705
60906
69210
68112
67863
64443
60136
69060
60014
60126
67690
62971
63360
60841
63051
62408
67790
61819
60591
61014
68880
66423
62391
61457
66814
66232
61105
68161
65328
62925
65989
69159
66291
61352
69831
60966
62323
62872
67696
62693
62003
65561
61955
60828
69600
63196
61892
64040
64068
68082
60335
68208
60041
63701
64224
65425
66973
61963
60794
67194
61248
66368
66150
61220
60039
66815
68408
63273
65071
63957
63289
60424
68985
61031
66068
69658
67001
68903
60145
66298
61762
65717
69116
60019
69850
65964
66228
62281
64301
65062
62339
67977
68626
64611
61118
65774
64371
60361
68111
66205
66017
69630
68507
63894
64172
67438
66975
60487
60406
60912
61765
67810
64866
69681
64443
66602
60818
65915
66055
64748
68677
61416
60324
60357
65725
60762
64558
69278
66750
68855
69343
63649
65116
68466
68821
67981
63412
68335
64363
61887
67748
65244
65793
64095
60018
64084
65983
60639
67998
68413
66564
61246
64031
60233
64817
61845
69213
61824
64366
67857
61504
64301
65217
62455
62992
67332
61864
66353
63640
61886
61765
60840
66309
63266
60273
63745
60570
64782
62290
68833
60874
63373
65361
62707
68040
67252
63717
69737
61674
62221
67839
64739
65151
67679
69534
65176
64084
