75542
78223
79529
73824
75333
70164
76110
71478
76469
78669
77104
73156
74463
70032
75899
77743
71167
76839
71875
74326
70455
77614
75733
71619
79828
79335
70180
74215
75282
77264
75315
72271
71503
74736
75432
78415
71955
74095
74113
78015
73738
78779
77451
76774
70234
75724
71063
72604
70523
76725
75116
77152
78286
77140
73056
75997
74490
70446
73905
75553
77554
77521
75069
79015
71864
70275
72448
73289
70535
70249
77283
73807
71135
74151
74684
74347
73712
79950
77053
74537
78929
79112
76725
78622
70357
72822
76070
75199
79050
72659
70028
79177
70430
79045
75571
73988
73172
74042
74980
74198
77318
78576
74944
76131
74168
78002
71497
76803
73610
74099
71595
79592
75528
76007
75730
78374
70662
77434
72402
70573
72875
72522
74493
73575
79173
78177
79636
78212
76020
76360
71509
77719
70479
75890
76679
70408
72568
79633
72065
79645
70822
79588
71404
75174
76522
79370
75200
75780
73296
70854
77556
74435
77881
79316
75004
73532
74709
79343
77005
79695
71694
71960
75146
74694
77082
71971
78198
71472
77567
73341
73227
72024
76018
79590
78683
76922
73072
75655
74054
74646
70660
77417
72040
72571
77058
75212
73452
70455
72468
78024
72090
71559
71329
75777
76691
76187
72544
78171
79707
77320
71671
79840
78161
78309
79724
73269
70112
78103
71697
72849
71364
70401
74178
75765
70977
79257
75496
77944
70851
75194
73723
76243
74215
72682
77554
71238
70191
71923
72599
78513
76778
75379
70934
70176
72574
72160
74916
72500
78345
71489
77176
70016
73162
79804
77508
71206
76229
74759
73909
75973
74769
73366
79423
70539
70362
70827
78648
71054
70991
71239
77760
73298
73717
71261
79738
72140
73378
73104
72103
71104
76006
73745
77947
79337
71750
73134
72260
70560
71014
75352
74664
76152
79258
73172
76536
72446
70417
78283
75184
70511
76299
76533
70282
75210
79435
70026
78063
79188
79874
75601
76920
76574
72178
72314
74010
70651
77502
78891
76199
79522
77028
75820
70301
73891
77287
75726
76885
71472
74911
79992
79186
73260
78235
79206
73625
77914
75815
79940
71267
71853
77431
70621
70213
74303
71401
74799
77323
78493
73176
70992
73970
72506
74060
74476
74562
75828
75674
77873
78483
70578
75267
74191
75775
79609
79392
78114
74416
77164
78584
78736
72359
71667
73673
79716
70624
74314
75166
70853
74706
71642
70714
78468
70300
75007
72115
70663
75917
74989
72516
77512
79377
74157
76541
75544
77319
77314
70893
70514
76913
74406
70678
72372
76773
77570
77154
71588
79685
70488
75906
76557
73241
75156
70556
77662
75717
78448
76029
74769
73586
78459
77122
71419
73980
78508
72668
70773
70087
74871
72943
75509
79969
72880
78115
76292
79649
74829
78545
71168
79402
72291
73494
71313
78171
74914
73439
76927
74763
77535
72592
70736
76067
77544
72444
75570
71913
74822
74208
76800
73397
77305
77891
70000
76491
76225
78363
79188
75600
76457
74314
71181
72344
79006
74236
77219
73300
74660
74712
73821
76704
70116
70168
71066
72162
70439
70009
77961
79340
74655
78586
71377
71266
74460
75784
77129
75406
79580
71207
79253
70995
77125
72904
76225
74230
76455
72364
70964
73897
75539
71136
74806
78744
79525
70807
74336
74499
77394
77351
73932
72806
77907
72838
76220
76561
71796
72423
77226
76125
73192
72122
72948
78731
79577
73421
79337
79018
76238
74031
78202
72091
78143
70191
77446
71739
79444
74874
75206
75562
78381
77941
73987
75580
73303
78858
72648
77651
73672
79923
71260
75502
78515
78138
76259
75508
73552
76812
71072
76494
77450
73804
70448
74775
77051
71887
75100
78408
71251
78158
76927
76212
73257
73621
74122
76485
71369
71136
79715
77555
79144
79765
76784
77300
76815
76212
78455
71605
77194
79545
71068
72355
70917
73659
74454
74007
77865
73069
74125
74049
73877
71501
76353
76715
74433
79534
78639
71242
79914
77008
74843
75593
70251
78355
76382
74152
70276
74097
78351
73156
70972
79795
72124
70803
75923
74479
74098
79909
76760
74219
73570
79746
76159
72910
71448
70267
72037
71556
75476
76304
72003
79398
76960
71537
72808
75082
78617
72027
75599
73710
73065
76926
74092
76123
76771
79628
79437
70038
74767
76065
72516
78770
77374
78091
71689
72178
71299
79019
71585
76227
74022
75197
76440
72061
72136
72261
79697
72874
71477
77188
70109
77002
79280
77583
73418
78657
76340
77801
77842
73508
70243
77425
71064
74908
79062
71387
76175
78006
78625
72602
74142
73185
75447
77355
70746
77328
71711
70892
76661
71251
78325
75659
70358
74325
77002
77477
74883
72776
72542
75556
71166
76442
72088
70706
72528
79879
78945
72368
77288
77616
74785
79154
78989
70094
75519
79462
76636
76350
72938
78459
70587
71886
76344
75186
73227
75305
75820
78915
77409
75289
71533
76982
79805
70275
71527
77288
70761
76796
73814
77409
77021
78879
77288
78842
78792
70080
79926
79284
77997
71844
72112
78044
70307
76661
77484
79700
79531
72209
73668
78933
79321
73120
70491
75110
73758
70314
73833
78618
75391
73949
79141
72238
76537
74924
79805
79893
77264
71658
72101
72013
71370
73333
70206
71435
79879
78222
71910
76282
70121
75812
78081
76577
77263
74484
76684
79500
74351
72238
75215
74110
76360
76604
73773
70151
73526
71267
74678
77113
79335
71166
73544
79099
78924
74896
71009
78271
74388
73036
73950
74621
74490
73771
79957
72673
77615
72576
79047
76330
78467
71084
72199
71544
70964
71319
77129
72726
72059
75421
77927
72918
73814
77700
76643
79595
73938
75405
71756
77698
78229
76949
70543
78984
71874
71489
79819
72104
70409
71747
72252
70982
75276
72747
73513
79966
73396
72742
78902
73030
74938
79023
76764
70854
78558
70537
79996
73986
78779
71276
76265
72515
75902
73241
72181
72671
74857
75488
76570
78589
75743
76187
73280
73133
75460
77973
74475
75092
76786
72923
71250
71340
78554
72447
79600
71629
78137
79076
76234
70535
75378
71708
70574
75826
75301
73184
76364
74984
75472
79277
78754
71953
72700
71109
70493
74341
72944
78852
73874
77203
77742
73121
73498
73349
70237
71928
78554
71630
74000
75264
72343
74116
78211
76430
71071
70193
73509
79098
73541
70687
73811
71720
78320
77906
70761
76428
75206
78131
79126
77813
73358
71552
73392
78106
79333
70881
78112
79177
74466
73958
77139
78527
72488
77556
79777
75946
75133
79282
75084
79907
75561
71971
79119
77906
76877
70316
73723
72942
75764
72587
79600
79118
79315
71258
70922
72970
76502
75108
73448
73505
74405
71944
73261
73208
73331
75467
78576
74274
74257
72016
72851
79196
76619
72913
73406
72520
74454
75987
76116
71017
74104
75437
73392
72856
77262
72708
79620
72431
79009
72256
75520
76435
71677
75182
70448
78492
71860
70590
79589
74196
79700
79223
71197
75769
76701
76444
77546
75707
70764
71933
72116
71766
74841
71643
74681
71437
78727
73463
75418
72643
71811
71824
78953
78829
78339
78049
79323
70839
75704
72627
77253
75000
70607
72792
71858
76705
77537
73806
79882
71447
78958
75151
76963
70732
76826
73485
77034
78587
70633
72648
77930
75498
78019
77291
73582
70502
70204
70735
75721
78919
75958
79586
70945
72723
74651
77316
72211
72912
71041
76521
77327
78421
71890
74903
70877
74067
77230
73154
70129
70840
77186
73864
79993
75436
78591
79336
76803
72342
74355
72762
75852
71040
72510
71611
72954
72896
71167
74248
76064
77189
70265
70850
78974
73380
70873
77483
75472
77217
78110
77835
78989
71536
74258
70578
79711
78751
74532
71543
78426
70932
79151
79019
73965
75081
71854
77328
78966
75789
76786
78548
76951
74776
72842
74757
72190
77017
76941
73498
72676
76104
75482
77301
75706
77310
76271
74031
74993
75396
71590
78620
78031
75664
76740
78276
72518
70924
77420
72675
71036
74153
73566
77836
73919
76416
76933
77372
71229
72330
74607
77644
76143
70803
70894
73992
73671
77091
75583
73634
70597
73294
77454
77111
74819
78363
78066
74218
74841
75385
72394
72245
73074
73467
79635
74040
79819
73911
79679
70953
78328
75499
78125
70976
75170
71728
75498
75613
74302
73593
74372
79870
77667
75137
71450
78604
79966
75404
70382
78969
70305
79645
75039
73122
78816
74680
72319
77549
72100
78175
78143
75350
77315
79250
70247
75690
71117
78312
76625
70213
76276
77311
79021
79694
75778
77701
76741
75452
71478
72332
77256
79113
71984
79185
76518
71222
72308
79455
73779
73859
76098
79794
72760
74967
79713
78725
73486
72392
76316
70189
76852
73780
77252
73014
77002
74436
77474
73648
75021
78977
71543
70978
71083
74224
76823
76212
71216
70124
70882
77915
79146
72730
70827
72083
73282
78228
73339
79851
73873
79878
75493
70875
75578
70323
78104
78738
76265
70195
75312
75833
73714
70191
76384
79084
78095
77888
78308
74597
79565
72416
70634
78885
77156
79830
77269
76638
77230
79533
73411
70212
77217
77409
79680
73951
73095
74465
79646
77285
77114
70745
71400
74111
75670
73002
78616
72415
75870
71233
71623
77301
73360
73527
74404
72639
73282
70889
79169
71401
70834
73728
76151
72412
77868
79483
72634
71742
77160
76528
71864
70210
76602
72936
79439
74644
71366
79934
72094
79386
73342
78950
71324
76311
73589
78066
72255
76141
75373
78348
76322
71206
72489
73065
74889
79953
79971
73114
79752
76502
72070
70118
75641
74322
75407
74589
79267
71708
73597
70332
79271
78174
73311
77818
71503
75067
70749
78664
74450
70790
71787
70512
70366
70846
78693
76663
78664
75595
71231
77607
79485
74095
70230
72222
76990
70672
77225
74902
73894
71998
74680
71080
71051
76340
77451
77735
78452
73398
77672
77306
76931
72665
72025
73194
73070
70621
72503
72476
73331
72231
79172
76831
77258
70173
76228
75786
73776
76053
70646
77345
79048
71437
76146
79816
79141
72952
73823
75236
75831
74954
74845
79173
79297
75269
79866
73874
77131
74403
74475
71749
75163
76254
79894
73995
71882
78862
73406
74809
74952
76990
73546
75067
75216
74480
70939
70636
70903
73196
76882
79524
72332
77132
78234
78977
75283
74774
79002
78343
79460
70183
76117
75988
76952
73427
79333
78927
74472
73941
72935
71927
72282
76235
79968
78789
72180
75923
78116
72318
76713
75503
79988
70994
71847
73514
79605
79803
75740
77761
71173
79855
76972
73137
75831
76416
76617
77251
77026
77845
79865
72527
75382
78505
74571
71763
79508
77211
76063
75209
70040
79026
79808
71163
70416
72256
76134
78794
79348
74442
74111
71470
76802
70778
74884
71177
77366
75943
78305
79835
72363
75634
70530
71251
74788
77221
74395
78263
79198
79909
78871
73233
72079
73527
78645
76445
76864
71665
79982
76214
71796
79232
74411
76541
78129
76746
77497
73009
70760
73623
75995
75266
73354
70621
72992
74944
75237
77158
77328
71135
77895
72734
70527
71651
74804
72904
71751
77220
79465
79339
78877
77490
73052
70395
71705
72257
74846
73305
71496
78689
75790
71621
79601
75475
77882
71852
76741
77819
79927
71387
73671
72984
73161
75717
73420
74685
78686
76768
75077
76075
72297
75695
79169
75249
71305
72875
75086
74290
72232
75067
71732
72682
77919
74670
73575
78611
77470
78866
75652
77150
72748
77059
72679
72610
70650
73464
79440
73431
71290
77971
71854
71934
78389
72463
70736
77958
79659
71675
73156
74946
71789
77361
79520
79415
76743
72044
78014
79904
73534
73970
71900
79455
72347
77990
79294
76509
75993
78061
79524
72662
76981
75817
74944
72179
77235
76220
72154
77357
71451
75698
72002
75906
74372
70379
73428
71339
76939
72009
72258
75041
76146
77014
72375
79177
78706
79750
73367
72860
79183
74472
75693
70142
79109
71780
71693
77267
74802
74410
78357
78388
78074
74080
75673
73474
75830
75831
72566
79478
71710
78796
70998
76030
75296
72670
77599
79866
72211
77255
71393
78026
71456
78439
75595
78425
74716
77711
71287
77849
76040
73875
70810
71630
79299
75033
79163
76317
75138
76092
72380
76493
78735
72057
72878
79570
74646
70203
73144
77862
75224
74845
70734
75542
74683
76884
79545
79166
71732
76555
74604
74391
79891
71873
70168
78228
76101
77178
73888
75713
75030
75857
72940
72235
78615
78833
71599
77922
77795
75748
73544
78474
76159
78882
76351
77613
73248
70810
70068
79925
78665
75563
76567
79291
76799
79609
71448
77326
75975
73386
75662
78293
75138
76284
79735
71802
75819
78011
79520
72278
77037
77087
78713
74664
76051
72832
70033
79107
78436
70697
73936
73477
76807
72002
70999
71500
78722
78260
71693
75999
70761
77117
75177
71286
77621
71652
76958
76095
72136
77294
73766
78627
74620
70921
72862
78227
77629
74856
72121
74049
75318
74407
76715
79615
74928
71372
77977
73640
71638
77498
70134
71683
76971
71254
70983
70260
75306
78507
73304
74877
72615
72657
74828
76128
76505
72649
75913
73474
76887
77895
75742
74615
72132
77583
79799
79460
76472
78118
73681
71623
70558
76515
70863
77108
78602
79444
74966
79373
72318
77314
70257
72328
74018
70314
77666
77977
78630
78640
77416
73411
77159
72261
73534
72627
72174
76550
79959
72265
79254
78839
72755
76772
77035
77553
77994
77730
72466
79934
70323
74111
77217
76606
72880
75100
75765
71182
75317
74777
75664
71013
72967
78426
75691
70722
76876
73547
78179
73712
71376
74721
77662
78007
73152
70437
79171
71923
73331
71660
76009
71911
72045
76533
78632
79635
73108
72877
73383
77840
74993
70406
72271
74905
73120
77464
72708
76091
77615
72968
79204
75457
70187
72769
77347
76176
73495
71116
74131
78537
76534
72100
77634
74338
79896
73017
73398
73524
75542
71431
74451
73994
76690
70387
76868
78256
74805
71713
72996
71316
72298
75614
70016
72555
71524
75900
72426
70693
72926
74076
73150
74928
77782
72270
79522
77292
73885
74505
77185
70916
75731
78175
77046
76438
74285
72759
77887
74076
75245
70786
79964
72063
78896
76831
72978
73059
79058
73965
75179
78918
73462
73467
79043
70778
72945
72843
72956
75803
72252
79245
77641
74124
70975
70224
70697
79523
79145
71442
72530
75224
78371
71398
72223
71811
76035
76578
72427
77705
77035
76482
78240
73930
74846
76948
76217
73942
71245
71876
76143
76191
71943
78033
70020
71780
73604
74951
79824
72110
76230
72109
78033
71684
73739
78554
72657
79431
74725
75926
71568
77810
74821
74441
79304
72742
71903
72799
73178
78976
75424
77239
74535
74905
71588
71963
75318
77991
76779
73041
79691
77042
72692
70555
75426
70339
77943
79225
79991
79283
72586
76053
71850
75680
73941
74612
78316
77014
74391
79545
77541
78160
74409
71550
73652
79860
76981
72667
70912
73983
72776
74049
74851
73103
78985
73564
75787
77246
78534
78534
72872
73796
70580
79731
74858
77502
77623
76350
77173
76269
79357
78075
73542
75023
78480
79607
74406
74273
79057
75060
73688
72253
73782
74459
70092
79479
72463
72283
79011
72414
70437
78433
76431
78562
72238
75328
76692
78747
72834
70906
71918
73601
75991
76257
72046
70370
76932
78315
70919
73006
74374
72584
75684
73224
75183
78236
73887
72724
73487
78084
75062
77076
74862
78891
71363
79920
75385
73297
74856
72072
74826
73225
77440
73888
72974
76063
73057
70808
78247
79123
70851
71399
78085
74952
72216
74389
71354
79887
74342
76223
74026
70940
77736
73468
70725
71569
75496
75046
76376
75173
77640
77722
74173
76264
74670
74511
78339
73182
70728
79769
72755
72952
78216
76610
79425
78394
72519
71966
73955
70015
77638
72153
78763
70290
70919
77099
78563
76006
77863
74539
76817
75066
76008
76425
76315
77787
70279
78559
71820
79146
70870
71036
77802
77628
78709
71451
79682
78399
72880
75043
72716
73377
78983
75945
78695
78410
77351
71534
76948
78299
75277
77511
72799
73654
77977
74795
73597
79682
78875
70548
79706
75942
70964
74771
75416
77814
77527
70731
72679
74960
72270
72237
78733
79440
76058
73252
77243
76280
79880
75662
71404
72285
71398
79174
76622
74681
75509
73234
79813
79760
77698
74630
72195
73137
72667
76036
72471
77442
79691
70086
77752
70317
70485
70836
70256
75437
74965
79404
78846
71956
75226
73476
75825
73222
78313
70927
71027
73945
73890
76331
77242
76065
73822
75309
73248
77492
76826
75822
73357
74642
72867
77326
75229
79202
78775
78453
70980
71927
78671
71380
70074
71438
70240
76346
76387
73971
70600
72945
75925
70800
73617
75762
76193
73682
73847
70651
72943
75087
70985
74575
75143
79178
72691
76263
74409
71586
72980
77178
70839
70844
77961
72264
73226
72038
70661
77797
77967
73680
71905
79267
77620
72141
74783
75691
77047
74040
76101
77998
72326
75935
79394
78216
75244
72374
70588
73059
74037
77916
79167
70224
79293
76064
74879
78208
72434
78250
72380
70780
73060
78961
74015
75382
70546
78907
73963
70670
74792
76721
75333
72181
70766
71103
75524
76671
71586
79552
74097
75054
75288
76868
71763
71082
71122
76454
78679
77901
72268
70120
75195
77454
73191
77574
78428
78320
71486
75069
73594
76039
76071
73766
79914
76235
75809
72332
77069
74898
75274
74958
79693
72114
77241
75584
74190
75168
74715
71430
74272
74525
78840
74113
79077
71455
72834
74612
70425
79238
76309
79126
73866
70830
78719
76483
71532
74606
75533
74156
73462
76407
75756
79197
78108
70459
74858
72419
71999
73976
72864
79017
73173
70223
73403
76486
72924
72673
75830
71176
75643
78508
79193
78102
77102
73160
73805
74751
77390
78873
73397
78519
75881
79288
78491
79163
72153
79008
79467
72185
78507
71725
76051
76400
76948
73057
78463
79151
75822
74531
74295
75560
79148
73304
74357
74034
74646
78140
70173
78828
74902
75950
75598
71896
79763
74737
75112
70474
77041
78214
71733
73896
72931
74514
78241
72988
73159
76476
76373
78051
70809
73756
70047
76936
77009
77691
70287
72971
76244
78267
71483
73658
78894
78808
70925
74913
79809
78083
76095
72398
73212
71402
77145
71011
71019
71968
75175
75963
73817
71275
70442
74025
71127
72656
78512
71528
70363
75216
76464
76468
71932
76332
75753
75679
71295
79684
73109
74465
77496
72309
75924
75288
71649
78609
73988
74178
78191
71391
75157
78341
76323
70059
78539
76176
78990
73896
75148
71302
71997
73987
72596
75578
76422
70816
77396
72126
73343
75793
75680
78332
71087
74079
70756
70515
71706
72917
73822
76477
75169
74415
72347
79530
76920
74209
79194
77745
76839
77773
74354
75141
75413
74273
70345
77347
75981
73789
71768
72839
70271
77543
79319
72306
78141
72266
78591
72897
71428
79297
74465
71169
76114
76153
72554
78382
76637
73338
70202
74475
71102
71992
70893
72530
76403
78579
77552
73808
77823
71317
72203
74573
78516
79248
71712
79801
70520
78975
71930
75630
70372
75942
75468
71934
79261
76844
71523
78752
79739
77262
79728
75485
78454
73938
73801
79736
77122
74246
74971
73476
71986
76355
79556
77800
75407
72338
79903
73980
71903
73068
72950
77724
74933
78108
76094
75619
70052
76011
75731
77557
74671
70456
79908
76634
74580
75456
72809
78492
72659
78530
75495
75341
75724
74152
74245
76018
71368
71076
75147
72367
77794
76191
71165
73930
76163
74449
75796
77482
76772
79103
75670
75327
77508
79021
72955
76394
75430
70125
77256
77177
70107
76194
75883
75363
70387
70148
70789
77556
74613
70766
70266
73975
78030
71299
73592
77174
70092
75859
77198
78933
78683
76654
71649
79269
77903
70145
79762
74218
70980
73032
77504
74497
70143
79595
70992
75465
70810
70378
74855
79884
78342
78471
79499
78914
71792
73680
77418
73487
70556
76806
71570
77782
76661
75924
72076
78817
77529
74069
71005
71409
71494
73049
78857
75667
71090
71271
70501
75029
77191
74371
72791
76417
70442
76223
70859
70520
75116
74481
75168
79441
74513
79171
76810
70981
76326
75060
74251
73692
71034
78543
70745
74488
76283
77604
77976
71094
75498
79032
78144
74888
79483
70549
73674
75820
75681
76736
70983
79969
70903
76737
72367
72073
79870
78587
77919
79868
73683
79735
77661
74457
79481
75798
72535
71066
74963
79966
71793
77558
79210
73545
73437
73823
74275
74129
73847
73820
70405
71619
72490
73398
71424
73888
77708
71324
75802
73277
79984
77913
73252
72308
79767
75576
76300
72002
78021
78211
71216
79010
78929
71892
72939
78420
75904
77554
74177
77522
73962
77506
79740
72091
73828
71523
73336
70815
75721
74968
75576
75389
73651
70961
78705
73470
74297
70968
75734
79224
78045
73316
79049
71497
73612
77168
76337
72804
71810
70234
79706
73237
78519
72142
77282
72189
71635
71758
75189
77355
71933
76040
71872
74837
73108
79975
75998
76395
72033
72067
73785
79900
76252
77472
71557
76852
72086
71371
74568
76464
73386
78448
73670
79274
77909
70468
77301
74486
75587
72836
77433
74336
70537
72776
74607
75638
76561
76281
79012
73388
74110
78373
71663
73793
75189
71333
72177
74433
71535
78589
77382
77375
70557
77702
78050
77033
72955
74513
79434
78302
75755
71927
74936
72095
74561
71034
71257
74750
79215
79314
77679
75041
77799
70516
71731
77458
74910
73488
78453
73314
71496
72690
70685
71812
75176
71417
73392
71708
71950
79893
75884
70417
72454
74255
71982
71506
78528
79236
79676
73409
78749
76859
78625
71878
74802
75806
75957
76203
74084
71330
78293
74552
77772
73503
70613
76931
77745
72429
70685
75193
70203
72627
71117
78282
78602
75221
79792
77506
73627
75793
73424
70967
73297
77796
78299
78509
72043
76293
76855
78551
73591
74421
78730
75969
78853
75504
70103
75866
76650
76976
75747
71475
72075
78437
74058
75735
74571
75021
76525
75121
75377
79037
79584
71231
71928
77347
78611
70277
74958
79324
70936
73206
72631
70369
77180
79426
74828
78992
77966
75307
79884
71198
76113
74542
75525
74558
72792
71211
75538
75763
79796
77990
73793
79656
79087
71300
77619
74817
75065
72412
73285
70597
74655
78515
77324
73188
75204
70595
78804
73776
70457
75596
79281
70125
70416
78778
79144
74042
71756
78458
71344
71088
71678
79389
76052
75624
79534
72905
72739
73838
77396
71679
79358
79722
72859
74429
71818
74176
74767
71240
70821
75352
75354
73311
77239
79178
70274
71866
71706
72567
71441
79748
78843
78289
76217
75760
71659
79632
70517
76242
77026
75115
72702
70530
78896
78272
79730
76968
71888
75276
76998
73986
74265
73589
78520
76352
75954
78157
74674
70189
74198
77744
70586
71588
76757
72929
79437
72733
70113
79020
71443
76315
78064
71670
71079
73751
74295
70345
72239
75182
71041
74951
73447
79601
74791
73905
72985
71535
79144
77741
76857
76726
74370
70921
70877
72938
73030
75963
71857
73655
71076
78207
71855
71771
74263
76583
73758
77617
70416
75617
76087
70617
79120
76552
79849
76765
71731
70956
70512
74674
76280
78476
73703
71459
73771
71490
74144
75919
74680
73354
73493
70610
77032
73628
74256
76240
70336
73242
73740
71540
72881
74900
74156
79273
73408
79184
72383
74350
72016
74811
75673
73173
79313
72273
77614
74268
77291
73698
72057
79028
70155
78193
71374
77952
78460
71160
79428
72169
75280
78082
78926
72219
78860
78199
77454
76072
72231
71079
76427
76194
76588
79638
72416
71109
71904
76403
70902
70334
75203
75947
78326
72851
74184
75320
79546
78322
71497
76054
74257
77165
72852
75830
77758
70292
70364
75267
78567
71817
71060
75462
77824
78376
79320
74882
73146
76825
71153
79988
72671
78038
77705
72606
73395
78275
75133
78438
71587
71179
78104
75372
72056
72829
74550
77252
77348
79484
70035
78664
77598
72658
71117
78924
76640
78992
78428
78950
70289
73018
71824
72997
78202
79364
71955
78315
71641
77203
74855
79741
75614
73825
78732
72911
75383
76097
75089
79393
74119
78260
79437
79314
70621
72052
70477
72288
73419
70429
70390
75392
70367
79320
73076
77738
70840
72794
71622
74793
71073
75762
71046
72023
71793
74928
77490
76642
71368
73074
70381
78325
76934
73974
79850
74556
70628
75229
77672
73977
77952
74142
76360
71580
70572
77393
77695
72857
76377
78715
78918
70144
75525
70024
72101
73305
72349
70548
79806
78636
79533
75375
78012
74390
72734
79519
75556
78708
70972
76151
77794
75887
70527
77929
71085
79892
77836
78517
73814
79826
79936
77317
79142
70661
79357
74210
74462
73951
74076
72665
72600
77499
72114
78963
70224
79941
74670
72479
79632
76119
71317
76978
71099
71754
75694
75706
74322
71395
70407
73670
79149
71944
75357
78988
77724
75137
74650
71408
72474
76286
73347
70200
76944
73302
76885
75484
79389
79590
72743
76776
72245
76728
76086
70032
74111
78024
78527
79784
74752
72022
71914
76127
77726
75822
77083
77224
79763
71672
70905
76787
70740
76717
73622
72544
73231
75012
72477
76107
75991
72952
76933
76827
71435
74119
75407
72254
73225
77220
73377
75639
76396
71258
77947
76537
79106
75387
74541
74022
72067
76975
77239
73305
78972
70353
75461
75583
78842
70428
76206
77864
79103
79887
72837
74185
76414
76079
78562
72173
70809
73813
75138
79197
77533
73321
75124
70520
70117
78370
79030
77784
77697
78172
77082
79926
79347
78119
79031
70221
78308
78606
74387
72483
79364
78246
79802
76699
73352
77652
79929
79366
73811
72593
73002
76598
72116
70841
72668
78749
79083
75301
73106
73714
73005
77116
75378
72332
76358
76384
79117
73409
75980
74795
75164
77728
74463
74112
71563
70158
73670
76699
77436
76424
74859
79533
76724
76482
73685
71045
76474
79541
72547
71004
72465
76724
77179
77192
78274
76135
79170
79071
72629
71665
71194
77869
73830
71241
77110
74548
79373
72443
74831
71955
73506
73407
75867
75162
75375
74756
71786
74434
75684
73943
74508
78593
70327
76828
74279
72621
75328
72590
76471
72281
78618
77106
75933
70257
70645
76871
75519
72841
77642
70178
73630
73581
78502
74818
74137
70434
78610
71876
70886
75971
71761
73319
78143
75961
74323
77047
77783
70269
74197
76808
73828
71413
70781
75969
75002
70373
71164
73522
76389
76242
72068
77880
71986
76224
76676
79057
70963
75096
70420
72617
71789
78759
70057
79444
70037
74781
75880
73808
77624
73954
77839
78470
73538
70780
72468
79637
78683
77552
79057
76482
70375
76215
70276
79611
75232
74575
74616
70388
72734
78558
75397
78350
75550
70220
73889
77083
76913
71992
72104
79844
79734
71252
74210
75038
76985
75730
74201
78165
77911
79478
71430
71268
70073
71177
74950
73125
72908
71421
72195
73399
74539
73260
77489
71822
79898
70783
71109
79085
74859
73801
70164
79592
78081
72803
78460
77471
79488
77265
73674
76307
71933
72117
76651
79959
70497
71746
79467
76520
72049
78207
76014
79971
76270
70545
71267
74424
78141
75060
73178
73970
71057
72173
74180
77100
79217
74120
77631
78434
77660
79158
78270
72037
78477
72149
74666
70035
72054
78483
76035
77390
72978
78089
75356
78733
71225
79024
75677
75971
70592
75531
76738
76014
78014
73825
74605
76422
79310
79892
77855
73012
79260
77576
70066
77579
76418
71899
79828
75718
76029
72135
76323
74475
77599
71492
70625
77030
77209
75447
70303
76975
78482
78724
77681
77842
70283
71721
70111
74518
73693
70792
74047
71925
75545
73197
73344
72930
70944
76769
76215
71806
72557
76382
74603
71807
70183
74165
74299
75385
70144
78076
74130
73425
70370
73898
77727
75511
73703
79067
71975
76658
78901
72786
72110
77240
76123
75829
74602
71885
71220
75169
75455
70011
71106
73078
73376
75368
70662
77741
74377
74461
70166
72544
76799
74056
71070
74221
73491
76099
77115
75804
70959
74319
77213
78937
73625
70581
76311
71529
75066
70565
70557
70948
77044
77801
73453
70000
71513
72233
70422
72791
70324
74524
70232
70237
72366
70129
73057
70459
78058
77795
76602
77603
76700
75590
73690
73713
73053
73847
76982
72224
75691
78439
79077
78330
71175
79733
79165
71086
74889
72224
70589
74380
71519
77406
77223
79152
75569
77703
70389
77149
75056
72485
72208
77356
79594
78066
75723
79793
77428
72420
76925
77826
74682
71853
78877
79340
74052
71293
73573
79183
79514
72062
72825
70127
78203
70968
75547
77272
70579
72415
75121
71286
75225
70841
77173
79175
75176
74253
75068
77372
78559
70882
77693
70856
77495
70050
71698
73737
75721
75235
78257
71290
77174
72014
72615
70758
74925
76066
73242
78436
72266
76750
76221
73505
75494
79907
79659
74884
71013
79467
72387
75972
77724
71224
70960
73560
79352
73703
79090
71450
70384
70418
74018
76304
73559
75045
75061
73164
76492
76006
70581
70702
79955
79821
70986
71758
70546
73190
76978
73013
76080
72234
74293
78744
72867
73562
78374
77531
70247
75933
75076
77503
79227
73143
76362
75260
78901
78468
73172
75960
76413
78515
71176
77225
73689
79640
78958
77502
76900
73246
72322
70289
72651
77193
72890
79277
78300
79347
73910
75824
72460
75838
71321
79453
75742
70990
73473
74080
71112
78095
78653
77537
77846
70200
75577
79618
72985
77899
78341
74373
79474
76766
73991
75638
70680
70491
77809
70906
76894
77083
78722
77578
70563
74521
74797
77315
73544
79160
76698
78814
71413
74886
75201
76622
77051
73510
77381
73824
78098
77240
74917
79377
70664
72167
77119
76670
74690
77689
70756
78516
74778
70534
78500
75135
73932
73609
77948
76000
76700
79309
73519
73383
72471
74101
74290
75335
79329
76204
71834
78490
73777
71034
73458
76562
71912
79680
77908
78682
73153
74159
72548
72847
78540
79439
73320
73659
71754
76282
71357
70244
72546
70889
73036
79829
79035
76951
73466
74742
77475
73307
76932
75826
75527
75652
71650
73206
77780
73934
70352
76143
70377
77987
72659
77308
74920
72726
70001
73253
70542
70801
78912
72037
77015
74980
73945
71052
71069
74745
77138
72916
72726
71577
77026
74984
78368
75247
76499
78499
72523
79050
75465
76696
70892
75369
71254
77275
73009
74225
76953
73583
74138
76527
75472
70560
72451
70637
75014
76059
79388
75543
79865
75491
78201
76467
78929
77921
78094
79024
73257
74718
79161
76223
73015
77648
76331
78518
73736
71903
78947
70879
71538
70991
76229
72452
77031
74612
77939
73719
78062
77706
73794
73308
72154
78719
74858
71590
70512
77772
75036
71016
76831
70917
71047
73812
75745
74965
74821
76056
77784
78431
73118
73459
79917
78120
75353
78223
73389
77543
72124
78233
73443
72942
73706
79551
78743
75028
79934
70677
71816
79715
70317
72364
75701
79103
75947
79931
76108
74767
72861
75923
72898
78990
79848
79774
79409
76029
72410
77664
73312
74688
78534
70169
78015
75555
71299
77488
79398
71076
77894
72044
78649
74345
74615
76086
78337
72920
72607
77531
75493
77319
79710
70771
72432
79905
79606
70387
73338
78812
70670
74806
72202
73296
73400
73839
75628
71415
77139
78684
72203
78312
73882
75555
78692
73538
79422
74355
72115
78828
79824
71992
75951
73531
74272
75869
78144
73509
73696
76827
78392
70722
78286
72412
72263
74961
75981
70713
70094
76217
78315
72209
79347
76026
79662
72082
70103
78825
70804
78277
74732
79790
78025
71211
74428
73946
74481
79499
77231
72443
71455
72300
74475
75784
73303
72997
75163
70557
71386
70760
70674
75726
79076
76284
75422
76912
72071
75468
72619
72258
75660
70162
78122
71448
73332
78189
79492
70239
79184
75859
71873
76467
79954
74905
77060
79919
71165
72361
77206
77667
75895
76284
70048
78524
73963
72434
78205
75122
73962
76996
71163
79779
70483
78303
74873
70808
74137
76115
70558
79206
72528
70464
71273
71764
76193
73345
72042
75559
74726
75608
76994
70513
74781
78262
74802
71249
73449
72139
71959
76824
77655
72342
71941
77092
72618
74249
77141
77420
70177
75963
79623
79263
70842
78044
76197
72748
71796
75139
73093
78771
76764
75675
75592
72394
72635
75181
78398
76341
72067
75980
73217
73253
70879
71046
71054
78030
74023
72582
78069
77060
74101
76571
75487
79438
72023
72947
76018
76370
70213
77337
71515
78871
74983
74359
79199
70610
76186
74378
76659
72290
79050
75296
79073
76278
75227
78472
75593
75423
77529
73191
75702
77913
75547
77233
70491
70866
77425
72038
78253
78926
76412
79732
78592
70545
79528
75834
74308
73900
79622
75876
75746
76373
71465
76328
77980
76448
77096
70270
77248
74469
75600
76047
79400
79252
77712
72786
79734
70782
76234
70099
70608
75361
79082
70573
70445
78473
72997
72689
75378
72368
72416
78724
72635
79906
79844
76873
73031
73556
71137
79340
78411
78604
71589
78482
78759
72623
76423
71199
72812
79014
72364
77729
75515
71078
75326
74776
75387
74438
72942
74441
74994
79919
79645
79833
78094
75982
76325
75434
77758
79692
76204
75295
70778
77870
73504
74961
75022
75523
71712
73659
78039
76982
73833
71746
77176
76243
77858
74642
73773
76955
76889
78570
76539
79190
74813
75314
72168
79716
75279
72871
74419
74801
73799
76424
76451
79781
70265
79356
75001
77585
71888
77161
79181
79185
74652
78089
71106
72594
74704
73063
70356
73385
79840
74038
79355
78980
75176
74316
72150
70994
76453
76548
74792
74739
79019
74154
71548
72700
70459
79725
77487
79256
70108
79595
74681
77203
79210
77213
76166
72746
71397
79241
79139
74554
74288
77318
76411
74181
79559
75366
73064
79711
70598
76987
73463
71830
74005
70012
72297
71698
73610
75589
72169
72984
73447
77331
79388
76185
79156
71993
79113
71995
75671
76897
70731
71875
72721
70918
74470
78213
78683
75204
70642
73519
77609
77018
73616
77922
73888
75091
73649
76932
73928
77699
71049
76892
74476
75314
78787
73845
72788
78125
71636
72632
74667
74985
72197
76965
72640
74405
76754
77953
77986
70121
76805
78070
77156
73427
75331
79947
75239
72011
70374
74510
76576
70321
72360
70968
75331
79643
75727
71959
76932
77025
79899
70740
74619
70906
79416
73765
74060
77935
78109
71167
72944
79800
77636
79758
71819
71109
76365
77971
77010
79382
70669
79860
76427
76005
76979
75741
74283
72667
79647
70353
71332
71228
76579
75510
73063
76219
71928
73157
79526
78273
72674
76442
76894
73650
73864
70968
72726
79717
75452
75756
73989
78766
72259
73600
79325
72863
77347
73464
74816
70567
78309
73403
75532
72293
75412
71040
73523
74856
70295
70088
76619
77322
74044
75618
71355
79648
73839
77815
77685
72813
78090
73817
72740
74141
71005
79907
75842
74344
78880
71796
77193
73447
72024
79028
78262
71198
78230
70648
72718
73833
75949
73183
72970
73146
77937
78719
78856
75672
79015
70393
71818
79517
74829
74973
70057
73865
72000
77387
77542
71511
73889
79984
72533
77922
70379
70180
79323
71243
74502
73672
70252
76463
73548
76869
73765
73497
77360
71386
78248
73343
71921
75514
70700
78660
72070
72412
73907
75136
73179
72442
75736
77811
77995
77543
79381
72202
71469
78843
73969
73451
73379
74785
70815
78071
75830
75992
71756
71841
70276
74804
72537
74361
76647
71956
75988
75433
75347
70239
76877
70957
71420
75141
72747
76359
79044
75442
72780
73685
73622
72526
79796
74468
78230
75791
78880
74205
70962
72936
79775
75881
79768
78142
79199
79344
71820
78206
73560
70535
75125
76538
72124
79599
71147
77589
75666
79703
78524
79778
75845
79044
79630
73255
76122
76962
73687
79943
75900
71349
72402
77244
75736
78585
76708
73476
73004
79164
76079
72705
74149
71829
75087
78929
71820
76564
75434
74795
72611
72110
75480
77967
73834
76810
73479
79069
75878
72525
75184
78742
70003
70136
71243
77733
70153
71707
74920
73227
71342
78786
76059
76589
76476
78485
72928
72620
78102
79043
79611
78042
71490
74333
72931
77415
70721
72467
79570
78015
79986
77073
70997
71243
78194
71061
71074
77120
76144
71820
78847
70088
72038
73607
76866
78936
72887
77639
73643
70970
76514
72889
77364
70756
71261
70891
76787
76711
78267
76035
74459
74639
74248
78744
76787
75870
71047
72695
75329
79133
71943
78833
73719
79459
73682
78292
75057
74511
77487
73536
75319
78540
71961
72069
79337
76875
75687
79842
77262
79300
77594
72159
71074
78982
78730
78303
72642
74713
79906
72396
77143
78136
75911
77024
78214
74377
78446
78113
74117
74006
76773
79184
77428
76652
77151
70635
74243
71720
79600
75062
72794
79669
73255
72696
75452
78077
79646
72040
72614
70339
76582
79523
71703
71247
74041
78557
79630
72948
77408
72788
72441
76790
72772
70502
71614
71446
73545
77182
72460
75359
77661
71015
76456
72025
79809
71807
75964
79937
73742
77169
76764
75100
75547
71148
71105
72956
79973
79516
71548
78279
78376
72815
73808
76147
78673
72976
74990
74436
74803
71812
72139
78482
75616
70033
74877
71482
70891
73540
75042
70055
75184
79729
75702
72938
78635
70271
71705
72244
77502
78425
73997
70909
76205
78314
70361
77024
76963
70801
75921
75568
72731
75600
77803
70768
74061
72088
79654
77738
70786
71920
73411
70393
74941
74988
77625
73690
72239
76531
73972
72202
75588
77275
76123
73741
75627
70362
78088
76274
70062
78539
72324
78773
75730
72553
71456
71752
74696
77071
71272
71259
78499
73538
76815
70881
72666
70339
77863
79897
77003
79419
74844
72154
75863
75048
71353
79472
76565
74835
74798
75402
73458
75264
72451
70029
79743
74073
76184
74196
79089
79565
75516
71958
74331
72635
75249
73408
71089
70700
70915
76110
70029
73990
72579
72270
72646
73746
75059
70530
71962
78739
70599
75804
71338
71217
78184
77912
71699
75924
72256
79961
79935
76119
72391
70381
78945
78695
74680
78317
72892
76419
74995
70697
79564
79079
74111
70689
75446
76912
74731
71498
78100
79055
70880
76519
74730
76951
70829
76658
75466
77689
75733
78371
74815
75027
77532
71384
74947
76530
71285
73399
70104
73671
79070
70150
72204
78011
74901
73138
73980
70659
72633
74052
77423
74073
71785
74464
72131
74987
79398
71714
70293
74738
79565
77083
72454
78601
76129
70320
70951
78867
78172
75388
75976
77358
72400
75888
72589
71817
71293
75050
75676
77192
70979
74389
73859
77231
78195
77187
72645
73960
71410
77801
71758
72689
77202
75461
71486
77947
79334
71713
78153
71438
74613
73953
79373
76512
76581
73569
75600
74940
75364
76183
75684
70837
79592
73159
70640
73451
74205
78105
71618
75272
76176
79465
75220
74369
78690
70438
71707
70241
73182
70449
79405
70568
77771
78195
71655
72192
70088
74893
71057
73459
72282
77742
79390
76563
76072
77899
70631
77982
76101
74249
78771
72241
70590
74137
71760
79279
79279
74892
77842
78503
70006
75447
70786
73260
76927
75640
76063
77889
75310
71910
70916
75790
70157
71992
77420
71009
78465
77963
79145
77730
77844
76512
78836
71754
77425
77687
76632
75559
70526
78511
75799
73874
72355
75853
75676
79787
70212
73732
79604
72420
78096
73827
78966
75907
72392
74385
73153
76011
70424
71952
79269
75105
79040
72389
74691
78411
76118
72485
70210
74446
73898
71161
71429
70388
79404
79709
71324
78775
73833
73827
77435
75335
79797
76314
73027
79052
72543
78173
72731
74625
78878
77650
79685
74349
75427
71222
72994
71185
76063
77953
71435
77239
76876
78761
71792
72254
75877
75144
77926
74797
73800
77690
79749
74813
71800
73309
79646
79950
71667
71529
77567
79652
74200
74450
74993
70384
71849
71945
72317
72562
72406
73623
73759
74763
71556
71645
78908
73624
73460
74052
70192
78456
70158
76487
71157
78064
72578
71328
71296
73516
78177
77169
79356
74665
72865
78290
78533
70142
77734
73330
73782
70201
74329
74695
73598
79332
75757
75435
76024
70873
74715
78273
71422
78973
73716
72278
72575
74230
77224
76270
76071
78076
70196
74464
77586
77536
72628
79084
77707
76407
75075
76726
74198
71076
75847
70094
71276
79210
76620
74412
76369
77374
79500
78276
70076
79278
75271
72014
75611
79784
79495
72723
79885
71074
70411
74069
79544
76456
70180
70653
71803
74151
78906
71308
71690
78134
79096
73024
74472
75574
76715
77381
74418
70770
73881
74341
78848
73596
77339
74029
79445
76429
76354
75771
71170
77287
73425
75032
72829
78466
71316
73154
72312
79373
70285
71817
73840
79438
70124
74025
74169
71980
72643
76042
79646
72754
71553
70238
76237
77534
78386
77035
70216
71505
75008
75302
78071
79539
75613
74423
70361
70479
73607
78017
75759
70437
71765
78810
78316
79824
77184
76533
73097
76320
76138
75860
72793
71342
77751
79413
70619
70673
79551
71617
72907
70880
72453
72812
78144
71909
77471
79443
77889
72807
71558
75372
79016
71910
75380
71398
76011
75047
71523
74933
76689
75293
77675
79431
74623
75649
75668
73665
76821
71649
73880
74224
75730
74358
77510
70715
70554
75452
78475
72053
74005
75185
74280
73984
77132
70897
73120
72493
76677
78433
70673
75118
76517
71361
72569
72355
77182
73162
75372
74330
75191
75747
78051
73668
77009
73575
75370
74146
70773
76405
74430
76084
72649
75300
75651
73682
73648
75882
79909
76553
77058
70029
74245
77543
76250
72214
79579
71605
77557
79519
75221
75963
73173
74986
76605
70112
74568
72403
74635
75271
77775
76902
77328
76865
78121
79810
76987
70292
73427
78068
79084
79823
71527
78255
72215
72785
70092
72733
72015
76391
74138
70783
75779
72521
79377
70708
78671
76571
77611
79845
76856
70091
73733
78188
77697
73333
72592
77875
72205
73068
77970
75208
70376
73082
75219
74051
75720
79597
73737
79455
71337
71537
75378
78218
76232
76038
70152
78665
77198
72899
71114
75442
78576
77751
76222
76331
79455
72662
76111
77180
75489
74626
73241
77950
70385
76888
79666
77530
70346
75466
77811
77533
73263
73341
71051
75561
73304
77816
78657
76607
70683
72292
72700
77169
75872
72343
72907
70433
77269
77372
79117
72461
71458
73370
79990
78668
75560
79318
70933
77130
71919
79669
73821
70199
76368
77954
76013
78803
72674
72099
76436
74372
77398
70271
72032
71835
71394
77217
78748
73349
76401
74958
77447
76530
77829
78431
76572
72809
77677
76216
70252
71258
74798
78829
72602
70728
73192
72241
76459
78459
72890
72260
77490
76470
72119
76187
72695
77987
73906
71786
75695
74892
75067
79999
79847
73801
70585
77093
74274
72720
71819
73935
77156
72449
72665
74974
75268
76903
73840
77154
78689
74346
71789
79478
74844
77174
75354
77208
76580
71306
70329
70831
74882
77550
79287
78787
77981
76314
71644
74726
75133
73995
76855
74581
75116
74009
71814
76090
76651
77972
72086
73602
70361
72861
75406
73922
79628
78106
75073
74815
70770
72513
70281
76309
71330
74700
70241
76438
78944
72263
79016
77221
72260
74309
78412
73760
79671
79169
76947
79184
71256
74116
73978
70816
74254
76751
79397
78435
72642
78327
70938
73797
76923
77763
73118
71661
71139
71319
74121
76519
70264
77018
79480
75915
72663
74755
74365
70818
79070
72735
79459
75831
71704
78411
78942
77222
74528
77390
72953
74711
78431
76924
71025
73745
73159
71550
77474
78615
71189
77196
74487
73157
77422
76654
73742
75030
72567
73684
72804
71589
77401
75238
78232
70239
79684
71290
73382
73811
75482
79559
75213
71980
71856
78095
71061
73047
78442
72104
73303
76497
71335
72648
77115
75670
73852
73973
74104
71600
75240
73041
72521
73637
70227
79586
72929
79804
79391
77505
76788
70003
72817
78714
74183
78186
77171
78743
76145
75378
79469
79296
76421
74035
79106
76730
77357
75676
73458
77031
74631
77902
71312
77205
75981
74000
72721
70210
79780
78161
73486
75592
70337
72019
77391
70767
78153
73675
79589
78558
74982
78699
70050
75033
75545
73665
76900
77948
79991
76718
75620
70165
73815
76392
71597
74326
74810
79434
70304
74720
79873
70750
71531
79833
77995
73754
71483
74360
79609
77371
79356
72607
76609
76750
72996
76164
71835
78340
71684
77475
71575
76380
72706
77515
79742
77133
72418
70161
77764
79159
71774
78051
79949
72864
70944
74718
70124
70138
77552
75639
71653
75457
78327
76423
79623
73042
74503
79874
70935
70834
77188
74861
75299
70910
70079
79052
77758
77727
73428
74416
71213
70102
74945
79115
75693
70210
70444
71909
79585
73013
79493
75530
76917
72563
79032
73593
73912
77352
71036
71589
77515
75552
78607
76245
78344
72334
78608
79102
70633
75748
77930
79579
72118
74641
74778
79953
77519
71966
75999
79703
70337
79498
76402
79516
78978
75441
76256
75842
74879
74720
78715
75377
72309
72834
79792
75071
71727
78080
79680
77371
71233
73674
75705
72263
73510
70848
74022
77383
78867
76336
79271
74994
78548
72856
78834
79909
76277
79150
71103
75628
70177
76937
75197
76844
71661
75761
72954
75300
72663
73092
72708
72474
77679
76316
78327
77037
72468
75236
76343
77151
76992
78606
78565
77736
76191
75870
77561
70631
78534
75738
77575
71221
78932
76548
74065
78539
79560
79465
70856
77120
79412
74457
75137
77955
71015
70753
76991
72773
70598
78000
71959
70583
76256
71704
72277
77907
77152
76707
74832
74482
75661
75421
71640
74299
73473
73336
71709
77851
72186
72932
71511
75165
78638
78514
74962
70818
75378
78759
72832
71477
77011
70764
75780
73731
73916
79252
74840
74971
75834
77287
78136
72921
79183
70267
72805
70032
73563
73326
76715
77410
74947
73311
75383
79219
75257
70481
75730
72545
70659
71741
79750
79628
73802
76823
78036
79029
78418
71128
75172
79840
78258
74154
76458
78340
76150
70378
78192
79669
73123
70270
71743
77991
72026
72721
75082
77438
74795
76572
74054
72630
77671
78165
79728
72017
74027
73888
77417
79442
70188
71517
77620
79339
75667
71846
79042
78839
75554
72567
79104
75627
79466
79647
77920
73909
78414
77554
77557
72057
78239
78614
79622
74598
75815
73491
70659
78087
72183
79332
76705
75111
74921
79471
75415
73168
70630
78760
76646
75501
77248
71548
70103
79082
75018
75158
71717
70923
74458
70287
78803
77606
79391
71170
77706
74534
73247
72602
76666
70765
77190
77928
70909
72511
79373
71967
76610
73364
75646
75527
75309
72167
73356
73608
70579
70050
71557
77715
74341
76634
72896
73783
71047
71620
74723
71153
74172
72106
79542
74739
70924
77807
77860
72100
77901
76098
79654
79459
72535
76265
74248
75876
72602
77714
72196
72798
78823
79983
76930
76939
73613
73388
78405
78103
72454
77855
75728
79950
72990
74092
70862
70929
70983
75630
70885
74666
71551
72457
72014
73938
78738
76972
74604
70005
76397
70827
74690
79606
78598
76850
74291
75152
78357
73676
79636
79809
79321
71998
73777
78040
76246
70404
77619
73919
76590
75653
71311
74078
77358
76957
76140
79490
78438
76311
75622
70453
76118
77277
73283
72145
78215
72729
73823
73873
75285
78031
73756
73771
70773
79883
77466
72111
76645
72615
74646
70608
70011
73134
75518
72170
70591
72898
70943
75347
78466
70301
75554
70462
76507
79696
73361
79832
72102
73892
76971
72813
78378
75433
73493
77477
75963
78201
72479
74680
72530
74983
73858
76977
78854
78508
76696
74400
76918
73163
72851
71450
77720
72111
73101
74854
73883
79850
77160
79571
74878
73397
73167
71365
70776
76205
76673
77833
73766
77714
73934
76213
75383
77978
79421
75521
71390
71226
72827
72596
75543
74368
76598
76502
78105
76523
71012
73395
74897
73417
70191
74430
77921
76172
79062
72601
79158
77419
78261
70477
74980
78968
71237
79746
79842
74306
75416
75182
74377
76091
77162
70199
74843
73512
78517
78526
77984
76900
72192
76668
77797
77263
70150
74831
78448
76603
70251
79766
70630
70789
74905
71581
77021
70507
75441
77999
76206
77434
76007
73777
73380
72095
71199
70007
70498
77129
72330
77920
78124
74645
78302
74437
76187
79212
78334
72224
71081
78626
75504
75274
72106
73078
71975
72159
71119
79584
79094
72999
75446
72616
78107
72935
75596
73761
70160
74420
76130
72934
77439
73016
70144
71165
70865
76522
75284
70331
73562
75272
71921
78310
73493
72197
72199
78996
73103
74874
72019
75374
78594
78200
76716
70419
76542
75525
75175
74979
70976
78183
76437
73980
79719
78134
77464
72331
74869
76163
70681
79694
78584
78533
75121
78946
72022
78263
75600
76599
72227
73345
70175
74688
79044
73096
77362
72750
71718
75589
71041
75341
72756
73632
72824
75303
74805
74141
78747
75447
74870
75893
79603
71667
79004
73640
71958
78640
79755
72350
79964
75191
78130
73950
76450
70187
71604
70350
75431
71375
79788
70772
77215
78982
79774
78434
71544
73076
73886
71507
73853
78708
73595
75904
74672
75679
74691
72984
72404
70392
70443
73480
75298
75724
71480
70139
79309
71090
73346
75404
74681
78952
75317
77255
75640
75918
76942
75838
74327
76254
71996
75860
72279
73163
73049
74920
70162
78495
73696
75895
79200
74691
79654
72312
75841
73699
74373
79235
74521
76393
79604
78602
72093
72553
76447
77187
71498
75884
77791
77412
71518
70733
78804
76046
74114
77181
78111
73562
70759
78999
78670
77323
74427
74600
74002
75135
74453
74564
72374
71743
77353
70578
78833
79810
77877
79687
72566
78617
71038
74667
74950
78292
77712
75991
71906
74683
73480
73411
72647
70218
72826
75461
75779
79022
78580
73345
72874
70367
79495
71619
79056
73158
77271
71827
79958
75533
77984
76832
74471
77923
71892
72952
73122
74924
79887
74246
72615
71216
74482
78247
78105
79417
78157
75318
76119
73229
72139
74401
72661
77544
74221
76411
73046
78267
75132
72736
72229
78537
79117
70451
77037
74746
75905
77654
74565
75308
78039
72102
74250
77479
79655
73789
74626
72690
70238
77445
79632
78847
79640
74083
73482
78816
78655
71637
77557
77962
72885
73525
77574
79965
76237
70527
74379
79421
74450
75757
77070
71744
78319
74701
72934
75746
70911
72305
74640
71947
73010
76936
71525
70125
76248
76631
78418
72943
73981
76547
72438
78542
75768
77753
75455
73957
72576
76583
77522
72909
76253
70655
74438
76074
78663
72371
70877
79293
72988
73200
78977
75338
72123
72375
71182
77844
76834
71798
75237
71786
79424
74839
78711
73520
77003
70533
70218
74771
72148
76207
74564
79228
77717
70983
79460
77428
76932
79783
72171
75450
79394
72470
75463
75633
78704
75612
73583
72992
77538
74940
70621
79303
71638
75063
75611
77933
74997
79238
70949
76399
74752
76080
73345
70384
75744
71965
79396
72465
71545
77591
71082
71158
70856
74671
70032
71078
75606
74039
73217
72952
79850
79603
76901
73044
76590
73520
70131
75144
73035
76722
73826
74690
73489
75500
76610
73806
73052
79240
73950
78121
74613
76593
72837
71031
76268
77383
70320
78777
76180
75367
70502
70180
77178
72610
71279
78140
73943
79664
79059
76152
71480
77028
76972
71964
74770
72409
79677
72273
76004
75212
75754
76852
77573
74375
76920
77905
76138
78165
71777
70551
75522
74898
70697
73387
73918
71650
77558
73806
73944
74001
73519
71398
72470
73602
77813
74139
70823
71914
70601
76348
74929
77877
73343
74377
79325
74462
72859
75900
78532
74028
76265
71312
74245
75304
75323
71221
77034
75364
70374
72328
76803
78489
76016
75069
77116
70007
72925
70340
74705
77317
72844
79311
76939
72170
76634
79921
76865
77969
78520
75976
77527
73389
73165
79933
74728
78898
76071
78451
70123
75937
71920
70557
74586
79440
79973
71911
75196
73133
70393
75028
77811
73640
70436
74587
71259
73795
74903
78963
78421
77755
70893
73987
74155
70541
72978
72615
79886
72414
71228
74644
79988
74180
71177
73909
75593
72918
71775
76526
77356
78913
74659
72610
79886
73648
75645
75683
77042
75569
77269
78477
79087
75067
79391
71239
79848
72610
73428
78756
74419
74281
74583
75350
75715
77124
75642
72855
71244
72642
75308
75190
79804
70535
73883
74568
71531
76375
79141
78612
73697
76257
75664
74679
78958
78695
71635
77550
72392
79023
78070
79320
78581
74395
76854
75782
70242
78103
75556
71913
75468
70385
78999
70148
71510
79153
79789
79067
79214
78150
72661
76833
73707
71910
70320
73266
73763
76620
71744
76800
74366
73467
77388
77709
74435
76400
79591
77000
74429
79345
70635
71148
76581
78874
75360
76432
73904
77104
70023
73086
72783
76125
74179
78676
77956
79705
77742
72167
78006
70165
71133
74993
74096
78353
72403
73128
74613
72459
71605
74590
73635
77057
79294
70162
71677
77193
73028
71158
73069
73616
73005
77027
75472
74293
75568
77279
73546
74278
71189
76780
70591
70649
71796
70812
79098
71782
70772
76459
73579
70532
77875
79847
76788
79017
70379
74587
73509
78680
71305
75337
74441
73024
75283
71840
76411
72023
72767
73014
74122
76568
73652
77722
72965
78529
72102
78675
72029
77002
75397
78624
71383
74148
70966
73455
77957
74658
77395
75085
79875
71327
77199
78184
70007
75483
71385
78639
75637
75077
78449
78424
72694
75150
73331
71071
79750
75059
75086
74291
79129
74376
75524
71460
79926
74686
74949
71672
70423
77658
75233
78837
75504
70686
74968
73920
78000
70178
76177
70825
71605
79141
77185
75651
76961
70077
71616
71109
71875
76437
79236
72721
71174
75841
70348
71085
71718
76144
71813
75008
73256
71027
79401
73536
76436
75263
78156
71080
75100
71042
79710
78700
71194
75846
73110
76368
77130
79214
73564
75568
72216
70454
71788
78928
76921
71877
75116
73767
71137
72420
70380
79408
70381
74696
77750
73887
76915
74421
74137
74323
71126
74963
74579
76592
72222
71300
70090
74215
76238
77077
70877
73372
73727
75645
74517
70839
79053
70960
79733
74296
78190
77084
77726
79937
72156
75603
74704
70598
78764
78781
71158
78732
76239
72500
75772
72467
78449
77104
74387
79723
72979
76175
77383
74883
70076
72941
72025
74899
72629
71535
79861
76848
74771
75653
73092
76954
79441
70282
77987
71871
73279
73123
77875
76627
70632
71097
73028
70057
77094
73885
79827
77753
77023
70840
77012
74646
78780
79820
72534
74129
76030
76474
70529
78359
73423
70370
74304
74801
70168
79952
77855
77401
75607
71782
75399
76870
76736
70794
75689
73469
78838
77320
75463
77423
76837
73573
74275
76629
76838
76952
71176
78682
74408
70037
72228
74394
78597
77476
76685
72981
78421
78102
78821
74868
71633
76555
71833
76669
73912
72440
70050
74314
70342
76658
75744
74541
70010
73876
77244
71973
78868
77358
75787
78899
75632
77339
79522
77510
70410
76984
74475
79840
76001
70583
73884
78933
77367
77095
79316
75886
75646
78406
79219
71319
79245
75748
73178
76537
76072
79593
73029
79229
77741
78052
75194
70865
78734
76312
72149
78135
70908
74962
74743
78751
76499
78192
71258
72727
70825
73816
73561
73847
79254
75799
75463
72449
71688
76566
73502
79894
71822
70746
75755
77110
77717
74195
70008
74471
74858
72166
78623
77928
72822
78299
73808
76791
71873
71762
73602
71852
76417
73292
75900
78643
78071
72173
75068
79527
72310
75236
73343
70082
79144
75876
77047
79730
70075
75749
75915
73962
70707
74353
72339
75652
70831
71986
76150
75926
71516
79748
79748
70871
71829
76156
77821
78940
76154
73743
75691
75351
76768
70559
70390
73985
75333
70876
78998
74347
71255
76620
79467
71002
74491
76029
70176
75546
75322
78890
75829
76695
73830
78318
78925
72301
77410
77501
78013
78286
75476
76100
76209
73314
76741
75037
76052
74836
75915
70334
79660
71614
73486
76313
76373
70223
74371
76020
73601
78189
78644
72030
70400
74383
70297
73938
77495
78112
78055
79783
71902
71915
75626
77418
79079
79523
77444
78399
70634
79649
79971
71367
71010
78314
77925
74083
72290
77289
79411
73282
72273
73871
73877
79351
77329
77714
72052
78462
78176
73716
77592
78218
73698
76056
76004
74174
75188
77420
77632
73625
70993
79149
77959
79963
79438
72613
70292
75583
76112
79447
73022
73862
70145
78463
76083
71000
72911
70023
78956
76718
71773
74465
75663
78683
70929
79741
70517
79356
71205
74899
72117
75474
70713
70204
72037
79812
78722
71797
79000
72015
75765
78587
78910
70367
74067
71786
76071
79103
73681
72944
71168
76597
71405
74642
77114
78118
71491
79107
74782
73176
79440
73924
76770
71506
72764
70758
78881
73651
75505
72520
75795
71782
76496
76796
79523
73920
74894
78480
76657
70037
70336
72587
73215
71641
79234
78959
73875
77426
73179
74205
75818
76288
70190
72652
76038
75611
74671
77259
75013
77100
77276
73549
78890
74636
71662
74417
76999
78631
71083
71372
71419
79208
74147
78224
70568
76129
75697
76545
79348
76870
75735
78309
74242
75493
76600
70048
72949
74030
76180
74595
74621
74998
72847
71002
78596
78329
76024
70605
76614
78549
74802
77346
75962
78327
75878
73466
78712
72670
71227
77448
75288
73981
75388
79719
78974
71958
72012
73009
71623
73885
79426
78524
79880
70240
75334
76102
75460
77765
71538
76383
72726
77135
70531
75714
71675
75183
77197
79950
74717
72283
70488
71624
71194
73948
71892
76069
74425
71929
79819
75977
72284
74203
71593
70606
73775
75119
77631
75411
70900
76650
75643
70198
77227
79221
76165
79081
71992
75919
74600
73515
71315
76993
79102
70430
76186
72529
78070
71135
70202
79937
75820
73063
78765
79438
70087
75631
75424
75162
70392
73582
70339
71640
72056
75980
70486
75471
76619
76718
71149
79809
75817
72889
73467
74912
72875
70622
73397
71444
71854
74140
73299
74521
73071
72664
78522
75501
70197
71556
77900
75467
72510
78599
78838
78994
74059
73696
74799
79346
79931
70429
75450
76533
78738
70865
77436
77832
79529
70848
76853
76277
70825
71560
72800
76430
79243
74585
75143
78283
75263
71936
78554
79540
74093
79520
79234
73724
70294
72410
70334
76567
75866
72921
77018
75950
72822
77989
72365
71311
72929
70642
70859
76879
79257
71432
77071
79348
76470
79652
73355
74682
79345
70850
71834
70636
71943
76727
72773
71243
73049
75835
73581
77078
77017
78671
70063
70375
73016
78736
74342
77260
79810
71916
71884
70266
77655
70163
73460
73094
73707
71837
76539
76126
72381
70339
74611
75594
77537
74663
72244
71519
79056
70393
78296
79507
72412
77301
79637
79356
76170
70194
72974
79031
79008
72957
72947
76019
74796
71829
70495
79346
71580
72876
76733
74599
77861
70336
74000
71179
77501
77082
77615
75723
72775
75772
78953
78131
73616
79440
72895
76947
79954
73247
70465
79007
73187
74920
70499
74186
72272
79992
72580
79847
79742
79385
77149
71169
72989
71095
77682
72913
76595
74789
74168
75381
72190
77980
76684
72339
73333
75098
72854
71485
74273
76254
73179
78689
73068
70822
73811
75683
71530
71997
77193
77121
76727
72484
77175
77010
71350
78125
76726
76419
73184
75886
73133
74022
77096
74904
77736
78593
76514
74531
74655
77863
75184
71233
75720
71280
74159
77037
76856
75191
73414
75786
74580
77683
72301
79910
79893
76930
78078
79623
70913
71258
77223
78517
74822
71330
79894
74365
74408
74891
73954
71615
74321
72308
71312
72540
77500
76780
75979
77289
72696
76560
70204
79199
79957
77756
72316
70643
72083
75395
77516
76401
76554
77263
70731
76110
74267
79795
78880
74675
78505
77733
78401
79713
70016
79657
72762
78054
71813
79569
73793
79146
70363
70707
70158
71785
78206
71482
76066
72021
76734
75053
73389
74324
76819
73382
70773
75123
79350
73862
74035
77696
77284
71579
73158
70041
75807
73127
72544
72854
77407
78495
72834
73017
74249
76017
74554
79106
71071
71632
76138
79359
78054
77763
71466
79233
74552
79012
74935
75286
71442
71582
75318
74393
71901
70817
73184
72544
77922
76599
70480
75407
72557
79464
75037
73641
75987
71246
77229
79545
76855
72825
70766
78069
78981
78117
74728
74388
77600
77839
79304
72349
78535
78764
73455
72892
78356
74223
78701
79257
73510
79385
79623
76244
71633
70526
78263
74086
78839
70916
76622
73612
72618
77234
78685
78280
71191
79469
71031
70388
76629
74174
78950
73320
70878
75621
73233
79038
70943
71923
71297
70182
71902
73508
75176
79144
74179
79464
78031
72240
74574
73220
70315
75749
78875
72805
76485
71957
77610
72455
73276
77611
75450
71794
70899
74217
79112
75925
79288
79450
78198
74859
72526
71651
78369
73478
75904
74814
76482
73882
71745
79808
72863
70422
72071
78642
76793
73965
78463
72518
77420
76025
72073
71142
73843
75278
79613
70304
74906
78655
74398
77080
71342
76748
75017
77199
70384
78562
78052
77076
75641
73793
75422
73804
73154
71755
71379
70021
77887
74839
78978
76955
73572
70962
70906
78205
72874
73843
74971
78842
74085
72148
70272
79264
75234
78549
76072
70930
76380
77567
71761
71539
76145
76704
72920
70544
79064
78821
75493
71970
76218
74960
77304
70454
72796
75912
73800
78096
72721
77685
72746
74328
72276
70750
70843
78285
71812
75424
73775
73389
77008
76110
79983
76792
78943
75210
77672
72142
75258
73496
73972
72736
73091
77483
74982
73511
78108
75907
75489
74612
72995
76817
77582
76243
73032
73964
78059
74428
76046
76199
75589
79931
78903
76395
79897
78075
73014
77074
76905
75507
76839
78326
75725
71029
74252
79897
75677
71555
73822
73392
74079
70985
75562
72403
78475
79293
78475
78105
70171
71534
74382
75329
79467
71587
70935
79488
76828
73470
79443
77822
78376
73831
71229
79429
78546
72835
79583
77241
77527
77064
73059
71749
76214
77313
79869
70600
76751
76157
72424
70444
72530
75060
75690
77364
77449
78437
72978
70093
70658
72574
77990
75827
79600
70587
72555
71895
71160
70720
75304
77812
78002
74186
77757
71323
74744
70492
70760
78895
76543
72726
76034
75865
70870
72632
74711
73903
71770
75476
77162
73828
74747
77688
76165
79898
79572
76022
78533
77686
77763
75636
78665
71381
71253
75856
71180
77947
78892
76647
78801
74941
77770
75852
75931
76010
77106
77105
78006
73067
73459
70987
71638
76998
77344
77494
70799
79367
73006
76153
79857
76039
75060
71231
75147
79907
77965
73419
72929
73968
76915
76061
73105
77896
71617
73588
74844
70932
77623
72118
72399
71454
73450
77404
76834
78873
75508
73238
72115
76678
77053
74256
72077
76363
71811
70649
78157
70746
77715
78745
76451
71773
71277
70615
76651
72263
78512
77936
74742
73248
74063
70152
75930
78607
76175
74687
74219
76462
71522
77414
70302
72476
70537
74869
79987
73640
70868
75845
71229
72366
73824
78850
79049
79812
76307
73709
74106
74223
78605
70088
72468
74782
76624
73084
71299
73976
75679
76191
77558
71789
71806
74939
74589
73191
75680
70277
74513
76328
73718
79385
72714
72563
70706
73016
74393
71125
78372
72702
72151
70478
74748
78174
77873
75724
79841
75246
71811
76377
74213
77029
76674
71666
78339
76843
74811
71130
72330
79511
72091
76758
77521
78755
72985
79167
73727
72410
77526
74369
78541
73837
72298
79588
77969
77499
74452
76272
70887
78982
79829
75960
73344
74947
73711
79975
72569
76446
75490
77061
74693
79842
76557
74036
74658
73169
74131
73262
71557
72198
72377
77339
77747
79680
76216
75803
75456
73296
72479
70790
70358
72701
77717
78669
77559
73693
71887
72433
71834
78039
72398
75306
70558
70772
73532
79446
74762
72873
72152
74894
71023
76175
71771
72999
74459
79045
73553
75410
71033
75965
74640
74455
75564
71439
71288
73206
70363
78883
76760
73879
78275
78067
71638
71325
73027
70534
77302
74343
79270
70955
71662
71286
74462
73871
79937
78002
74845
79430
72257
75565
78138
78816
74169
72405
76323
79911
75752
70493
72888
76370
79982
78039
70253
78813
71209
71803
74744
75079
70208
70563
78453
77648
73080
77549
79575
70182
77519
73718
75438
71944
71398
75631
75302
78317
75482
71393
73250
78069
74164
75635
74993
73120
75565
79809
76263
74573
75084
77241
74623
79577
74525
73314
70967
77138
72331
79899
71781
77481
79085
79762
78301
78744
76493
71018
74127
76836
77315
73937
78549
79162
78369
72385
78870
70569
78637
70025
71355
70347
79777
77044
77074
72406
76855
76585
75887
76872
73042
71366
79070
70241
73136
70013
78697
72965
77324
79522
79767
77885
78353
74970
79302
70286
72450
70103
75146
70506
76702
72744
76044
73012
73420
77106
73737
71647
75004
71039
77251
79363
71241
70007
79357
72153
74619
71145
75250
71149
78263
70157
73903
73865
75370
70986
73263
75447
78677
73223
71487
73430
73399
75014
77732
75007
77332
79899
77706
74082
77370
74419
71101
76497
72551
79622
70335
75745
79934
73650
72615
78179
71097
74501
70224
76310
73861
71700
77148
71114
75953
73212
73700
79427
74765
79151
74617
70517
70094
77063
70259
76682
74828
74445
75023
76342
71891
72962
71828
74503
74442
75365
76642
74709
70342
70526
72404
78630
71176
74189
77423
74277
70761
73037
79341
71535
77991
77517
72116
74151
74117
74490
70086
70608
75115
