84216
80188
82449
85670
87449
80646
87485
82480
87493
82042
87100
81074
88943
84583
81357
82158
89548
83599
83003
80611
84124
83814
81618
82686
89791
81778
82126
84721
89915
85019
87700
89713
80108
85895
85664
86487
83381
87938
86448
89867
83135
82553
89845
89247
82035
84341
89887
87276
82036
84023
89493
89989
85823
88973
88727
84632
82750
82697
85947
81700
83005
86259
89471
83234
82178
86610
88433
80325
84650
89044
85461
88914
88309
83607
80506
84515
84995
88181
84726
83259
80732
84166
85640
88802
87372
84234
89977
82046
82538
85434
88589
83398
87941
85105
88604
85309
87064
81508
81608
86253
81953
85851
83025
85935
85482
87497
87143
85555
89768
89505
84233
86231
83682
87415
81081
83326
82356
80169
83913
84342
89445
88428
83180
83281
88514
82182
82948
84965
83380
86511
83754
88617
88507
81645
86694
81257
89588
81039
88246
87892
81384
89095
89866
87347
84546
88367
83761
89656
85674
84615
86379
83385
85185
86916
84181
89011
85704
89171
82004
87518
89625
88836
82956
81745
88258
88464
80195
81726
86559
85743
85168
84215
86799
88088
83924
80928
81757
88614
82981
89648
82999
81276
88886
87258
82665
84346
81069
84015
87777
83036
85928
83951
84575
84027
81125
87136
86597
86954
83043
85724
84348
80473
87055
87205
86233
83456
89790
85092
80163
85042
84964
89372
82743
80825
89484
86516
88264
86292
84518
81556
82866
82753
87020
82803
80188
85505
80804
83163
83572
88718
82664
80670
86456
86620
88278
84856
87005
85986
84678
84894
85184
80614
80902
80053
80520
84512
86129
82949
86610
86876
85078
81312
84060
88538
83720
84553
87007
86602
84478
87270
89602
81175
89011
83038
87956
85763
88366
88295
89874
80757
84879
87958
89456
87666
87521
81525
86104
80263
82554
80839
87851
87676
84364
88442
86998
83578
87100
88502
82052
85106
86377
80665
83687
84910
81687
80862
84016
89836
84434
82106
87875
80119
83498
82611
81986
83698
80133
88173
82901
81284
86635
80723
87436
89150
88728
85161
89946
88256
89864
82164
89228
80298
86783
85522
84123
83527
89562
88744
80931
83797
86121
87153
87658
89171
80706
88520
89802
89662
88192
87382
89902
87167
81263
85650
88385
84545
85448
84811
86396
86882
87833
83142
82223
82500
88839
84676
81716
86007
82890
85371
89642
80789
83015
85900
83325
83740
86477
89824
82101
80755
83356
80487
86153
87493
87713
89944
86067
86317
81408
88434
80146
86919
83948
83520
89907
85108
87853
83821
85493
81555
87931
83517
81765
89809
84588
80235
82768
80860
85838
80772
86902
89710
80036
86215
87715
87932
81511
80458
85475
85048
84276
83846
82892
80714
84758
86745
84235
89140
83107
86205
80913
86960
84071
82558
88115
85875
82627
81793
86508
81748
86612
83856
80195
82588
88459
86636
87127
88851
80805
80341
81002
80857
86191
87204
84314
89728
89417
87012
80643
80270
82161
89831
80586
86442
83439
83478
89731
82689
86167
84775
89033
87287
89657
80445
87591
87064
80223
85609
85369
86416
87234
85293
88716
87321
89941
87086
84665
81259
81178
81149
80955
88376
87662
87152
87479
84012
83025
86382
81403
87807
88920
81274
82633
86000
81618
83921
88473
83227
86350
89730
86327
86195
89297
82325
81135
87889
87646
81055
89858
87675
81386
83001
88778
89576
86651
87270
80635
88320
89303
80504
87695
80300
89208
89095
83740
84531
80166
85315
82647
86862
87848
81780
83751
89260
88221
81021
84501
84798
81937
84737
89055
88141
85973
80316
87404
80772
82365
80628
83380
80014
85347
86718
81474
80925
82395
82077
81768
80624
81742
81437
89492
85245
88765
86668
80723
80794
86331
87297
88560
80490
89645
83392
84754
82847
84453
84129
80210
86690
88551
86215
84040
81587
80451
82545
84931
84786
85820
82919
80446
88599
81804
85516
89609
85437
81745
89883
81617
81192
87921
89658
88833
81525
87973
85986
85377
89740
81414
80645
83559
89418
86265
81259
89153
89736
82248
89666
83110
86505
86223
88496
81659
87333
87571
80333
88974
85067
86085
88441
86562
89666
82619
87962
81391
85002
83184
81761
80358
83747
80514
85628
82202
80453
83185
83423
89183
80215
81330
83930
89932
87886
89685
87686
81789
80737
83262
83856
85585
85633
88293
84330
88408
80347
81259
84677
80135
87470
81782
89311
87730
88506
80973
81283
87175
85239
85414
85506
86727
85183
88368
87865
86720
88078
84053
81693
80544
80736
87847
87371
88618
88284
85145
80456
82183
80890
84252
88643
86567
86347
84190
88153
84215
80598
86570
85640
86201
80205
81787
82635
87237
83065
83726
85685
83224
86248
83873
86864
82304
82744
85288
86125
80069
82117
89238
89094
87061
83576
82449
81328
82068
83837
80936
82797
87811
86268
87134
84441
86592
82311
80679
81970
82227
80900
89587
80805
81148
86738
87824
80016
89957
83648
87282
82450
88912
84965
87050
82836
80825
88917
80517
85591
82672
83341
81333
89322
82878
80662
82543
85523
80645
81087
89311
84895
84986
89198
84568
85844
80175
86739
88648
86257
81234
82283
88506
81409
87747
86689
89496
88032
86825
81759
82804
86943
86340
88379
84660
84446
87729
89549
89211
85705
83549
83174
85555
81714
88792
89292
80840
85140
86491
86453
85581
89307
87549
82409
84364
88923
81949
84969
84984
80743
83445
89883
81708
87302
82740
84003
83843
87097
84715
83551
89089
80168
83778
89364
82245
88857
87627
83191
83748
89758
83811
81760
89286
84322
85340
88195
81226
82407
81318
83595
84973
85187
86067
85115
88549
81255
85518
80711
81639
82489
82815
84875
81156
84346
85996
84141
83977
88567
89387
85933
83927
85000
86908
89384
89285
83216
89899
82190
89176
83907
84233
83258
82026
84686
81529
86922
86936
84821
87074
80869
89317
88691
82723
86537
85410
88306
86459
87727
86423
81103
81593
80443
81927
80414
87630
84558
83887
82482
81717
85810
87256
85734
84298
84842
80373
85110
85091
88520
88637
86706
85841
87620
87838
85701
84437
84092
89371
83636
80910
80614
88133
89439
89611
84879
85326
82305
83434
81192
82626
83515
85320
82309
81206
88597
89497
85212
88960
80831
89899
85477
81946
82064
86055
86305
81537
87017
87344
89866
87065
82827
84982
80614
84840
86453
87357
82494
88352
88742
88407
84536
81186
85436
80606
82262
83715
82242
83839
85508
87012
83164
88946
86815
82555
88760
80035
88378
84307
83711
82811
89678
80526
81159
87100
82394
86274
84635
80515
83981
84005
87073
86792
86350
88836
80410
86682
81542
87158
88581
81514
81936
82086
81319
89535
88615
86923
86126
82955
87821
88278
81000
89272
82073
83784
81087
83879
89520
85460
88276
82249
82333
88669
83929
89015
82568
88363
81472
88204
81799
88846
87330
83538
89056
80631
85844
80241
80121
88144
86220
80122
80059
84999
87317
89814
80051
89364
89124
88027
88996
80531
88169
81413
80195
89238
87738
80206
83462
88501
82849
84214
83437
88767
84146
86908
85578
81039
84576
80378
82339
84314
87592
86750
83379
89122
85887
82267
85291
87278
85226
88742
88306
89031
88804
83269
89714
82730
83733
81232
86312
88863
82780
89478
81096
89830
81255
86249
82647
89208
81084
81957
89148
89404
81534
80234
82845
84580
88795
81794
84885
86520
84677
84614
84957
84723
88070
82693
84899
88412
81461
82213
80567
87374
88842
88325
81625
80610
80596
87968
84638
86593
85622
84152
80897
86629
80852
84931
86711
83272
83563
85973
80564
89058
82475
89027
88516
86898
89445
89896
86466
82412
84795
88556
85519
80200
85766
80980
84567
80593
89446
86900
82448
80769
88572
80259
80513
84313
81112
89427
85341
86242
82216
82388
80424
86330
80213
88057
85154
82174
86702
88630
89201
84844
84440
89475
80458
84185
85768
82410
85133
87919
88563
85462
89282
88481
86391
87166
82100
84264
84413
86319
82625
87362
82861
88720
83161
88238
85470
80872
84687
88814
81096
86905
81807
89424
82949
89018
87350
81776
81362
83655
89682
89625
82815
85300
88950
81204
80062
87308
82048
82637
85637
84489
89891
89515
83755
85330
84791
84643
83690
82637
80115
83522
81071
80199
89257
85591
82225
89592
85991
88459
80689
85668
83698
84393
84318
81444
86654
83201
86036
83135
82630
83307
81212
83877
82325
83273
89877
80348
87887
89357
82568
89908
89664
80755
84451
87175
87653
83125
83538
87991
81685
82689
85338
85656
82271
87789
88071
88955
82280
82077
89686
84074
88113
83739
80375
82759
87885
88081
82003
87263
83302
86637
88939
88537
81328
84531
83141
87888
81576
89265
80029
83917
85399
88323
80664
85911
83075
80011
80087
82075
86190
81835
81247
85990
83354
83353
88927
87520
88718
85940
88278
85010
84398
80183
88156
84070
89908
82730
80321
84503
83938
88331
81724
81007
86438
89549
88618
85156
81845
86133
88033
85879
87510
88437
84269
83150
84910
84397
85495
84933
85075
87585
88284
80557
83778
84628
85980
84650
86556
83906
80145
84508
88338
83842
83042
80362
87604
88320
83060
82376
80356
88846
84359
80426
84925
87855
86560
82688
84638
85315
80291
86930
81728
81170
89619
83992
82511
89533
82963
86412
80814
86593
89940
86421
83917
83132
82803
86566
82867
84287
87590
83162
86904
83705
81940
87407
89970
86634
83638
81563
85797
86615
86373
87881
86885
83447
86963
86113
81860
85883
81332
81392
85153
81107
84898
88009
82707
84476
86741
86218
87529
87225
85863
88541
89278
86873
82203
89297
82816
84942
84672
86027
81657
89240
83403
84368
83608
83451
83655
88518
87515
85080
84375
87919
82018
83858
85280
87000
89487
86702
82514
88951
80890
81971
84418
86324
80249
85364
85766
81007
80565
82131
80935
83586
86596
85433
83908
87458
83727
88678
85761
86186
86317
80435
88326
83518
83368
84155
86108
84292
84139
81314
87208
80962
81413
85851
87994
84934
85537
89787
85574
84029
88042
84792
86749
87460
89709
82115
82041
87485
84256
83768
88650
82570
85489
81167
86747
80315
82716
83511
89364
89669
86495
87111
87354
81037
84392
88616
87357
89751
84297
89592
82532
83094
81082
87313
82933
83551
80908
86743
84837
81317
86311
81687
86065
87186
84363
88893
87417
82931
89667
87451
88689
80016
83697
87305
81435
89074
82118
84868
89620
81947
82097
80811
83636
85314
82326
84934
82747
89902
89528
85687
85976
82138
86522
87410
81693
85696
88610
86623
81714
88885
86968
89820
86578
80027
80048
89141
84892
87109
86544
88998
81064
89823
86393
86307
82616
81840
89507
89304
80344
88663
85427
85097
82042
81719
80956
84099
83243
82500
86967
80255
86499
81494
80039
89586
84078
85420
89366
86014
87641
82845
84450
82611
82463
82649
84510
88513
83063
82008
86244
86538
81715
80549
82594
84270
81283
85198
81525
81789
89010
85823
80466
82569
88504
85277
89020
80151
82983
88652
89834
82093
84076
85670
85110
84465
86908
87001
84121
84678
84069
89990
85334
87776
88135
81810
85249
81524
84869
88349
84907
88564
86956
85300
84164
89721
81214
83847
83310
81153
80538
87127
81361
89434
85584
85192
80461
82895
80121
85598
86222
84612
88359
83945
84538
82233
82114
83686
86449
82561
80653
87365
83962
84246
86275
82069
81370
80236
84252
80321
88608
82778
86629
83915
85426
87604
85551
82254
87764
80752
83287
88641
80617
80931
82926
87670
84878
82763
85839
84377
89189
81342
89433
81127
81644
86569
81470
81356
80373
86505
85266
80214
86456
82561
83482
80961
87442
85799
86874
82470
84773
82827
88371
87652
83888
81798
82168
84748
81425
83913
82126
83500
80006
83450
83708
85983
87423
89869
88923
87560
83671
88776
84311
86841
86278
84696
87864
84796
81599
87460
81970
82241
87399
85789
85940
81808
89882
86170
83519
85203
86590
82476
87866
89058
85087
81966
88939
83021
86195
86255
85968
81847
89702
81649
80735
89219
89918
81844
85776
84757
88226
87397
85284
87286
89879
80616
85487
86784
82683
81540
85587
84644
85917
80553
89969
86896
88865
85833
87310
87846
89703
89303
82463
82235
87069
83073
82564
82465
88690
89435
89652
83692
83640
81404
88304
83666
87440
87520
88254
86087
82096
84182
88787
85922
86369
81109
83818
82670
85129
80727
83987
82856
80449
80225
84864
86179
81269
85834
88387
80698
82910
82479
88056
81177
82500
88381
87064
81309
81465
83389
82552
84894
81618
81897
88477
83273
87125
86024
84208
86305
80623
82426
85876
82016
88114
86562
82792
85665
83924
81555
81739
82439
83940
84870
87879
89230
82663
84952
82158
80035
87159
81710
81584
86394
88926
89254
80593
88977
82870
86658
88800
88963
81152
82679
82888
88133
88470
83357
88113
84791
84506
87190
87988
88510
88732
81194
89039
80519
82533
82583
81250
88084
83717
85004
83768
80620
88848
85336
89780
82502
89580
86900
84066
82499
80185
87575
81691
82634
84798
86843
86504
89862
84571
84012
83718
82438
86865
81036
81673
89081
80920
87204
84081
83136
86986
89758
85559
85792
88844
83984
80031
82156
82822
88730
83735
81433
89959
88414
81977
87837
81806
80619
81527
81971
84479
89115
88616
83351
80087
85783
85838
83531
89388
81326
89982
85842
84636
83857
86772
82151
86987
86541
87823
89239
88538
80273
89742
87403
85082
85072
85217
81731
82039
84337
81204
82093
82631
89401
89853
81383
84359
87938
83708
82775
87114
88659
87881
85848
83820
86513
88401
88301
82436
87094
87746
84690
86339
86357
85673
86137
88635
81875
85924
85250
84804
84879
87085
88668
87192
88081
88974
85567
84390
82917
84271
84224
88236
81235
88814
80319
81347
80701
82946
80041
88421
80224
80641
88242
85296
81568
82715
86908
80779
85965
85409
82044
87576
80043
85823
87692
80325
83664
81277
84247
80684
83365
80525
84506
81711
89024
80934
84962
86343
88084
87232
81710
87715
81242
84236
80069
82230
85808
88104
84502
89854
88168
88047
80763
89922
84720
83246
85304
84911
81452
87702
87965
89079
85957
89176
82681
83666
82052
87023
87559
85418
86453
87730
80020
80618
88941
86281
84936
82505
82351
86066
83681
85987
86369
80028
89824
89913
89579
80927
82873
83786
87537
89214
84872
82786
80705
82837
85952
82253
85027
84499
83985
80333
89652
88386
80393
85434
80834
80177
88854
83315
88400
81273
86141
87193
81373
80625
84691
83042
82249
85260
84586
81464
85292
83689
88624
86932
82766
84722
87877
85001
84448
87928
86736
88166
80013
80936
85805
81445
80902
83119
88223
89481
88145
84783
89982
87980
85282
85948
87651
83638
80997
89030
87540
88370
84366
85296
88782
85601
86750
85847
89085
88670
88233
84031
85956
83976
83285
87730
88118
84397
89837
86724
81490
81736
88315
82491
81663
80449
82359
85209
80084
88783
80913
85485
84322
87564
82179
86387
83713
81375
83524
84723
80484
81607
87833
89197
82960
85972
86069
87056
81918
84474
87785
80170
83293
87520
86240
86076
80472
87903
82397
89476
87247
84727
82590
84909
88103
83972
87916
81874
85992
87374
89518
89558
88980
88594
82853
89491
86260
83178
85746
80964
80859
86777
89593
85830
81116
84268
80405
86448
85484
80945
86593
82938
85540
85809
83309
83695
80226
86114
89019
86122
80298
81798
88536
82949
85686
88207
88171
83163
80091
85595
82914
85582
86493
84302
82548
87405
84439
85205
83508
89692
85029
86086
85912
86659
82288
85864
80713
85915
80291
80333
80185
82328
83821
84968
86057
89086
86634
82668
83557
85661
85437
86876
86312
83945
89613
83420
86629
80559
86383
87633
88014
85523
88646
86845
81957
84846
88014
82147
88998
87394
88741
87523
84856
84408
89157
88866
86049
83440
85992
80196
85793
87136
83554
89483
80259
81311
84089
81855
87242
86056
87869
83726
84213
88224
81557
87357
80343
83599
81215
81747
87588
82283
81958
82358
89217
81382
89709
89176
80265
84971
81773
89863
83289
82455
81998
82356
84580
82991
83207
89163
80471
85394
84260
83815
80781
80101
81622
88470
86559
82179
85637
80500
82318
82129
89841
85020
88687
84258
87591
89829
80061
80817
84050
88948
83207
83711
83149
81083
87042
84663
88506
89709
80821
88936
84518
82185
87827
87424
88803
86355
84341
86764
80049
84407
89118
87449
85903
85427
86915
85417
84024
80037
80696
83494
85668
82787
81076
85232
85235
80560
88284
85199
81116
88148
81457
86552
82849
85366
82459
88881
87131
83605
86541
86707
80523
83552
80193
81801
89851
89963
87273
80497
82239
83841
88138
80594
85456
87132
82913
81089
85862
80160
89246
81988
85595
87398
86957
80747
82860
82916
86836
86518
89165
82841
88496
83302
85202
88514
82704
88360
82680
80704
86851
82780
82878
82145
88375
86982
83944
83000
89842
85109
88034
81399
81104
88756
86270
89127
88548
82299
84201
80725
88725
89191
82955
82814
83898
81035
81584
89288
89951
88982
84256
87152
82950
80075
81890
87265
89220
89494
81570
84027
85212
83381
88682
88102
87703
85886
86070
86725
81854
88393
81723
86792
84560
88514
81507
87010
83160
81352
86289
86696
85052
85786
83408
80455
82080
84101
80937
89963
84614
84130
89397
86324
84220
89271
89688
89069
80484
83248
87870
80785
87140
83257
87123
89527
84995
87302
84745
84753
84288
88914
87342
86306
87130
85220
80513
80144
81447
82378
80291
88992
81439
85758
82324
80827
86025
80927
81411
83239
85917
85512
88322
87079
82056
81295
83097
88537
82962
80522
83972
84808
86249
80359
88942
84846
89989
84635
82587
83356
82953
82604
84236
83135
88818
80305
84802
88157
88368
81289
88711
87360
85436
89978
84200
87042
86879
82722
89992
87917
84231
88737
88836
81483
84842
85559
88741
89123
83298
81357
80868
86564
89690
89544
88966
85748
89929
89458
89041
85963
84696
80602
89476
86151
87868
86893
81232
80743
82262
81700
84952
82043
80460
84057
86791
83237
81064
81383
87620
87436
86274
84261
80908
89807
84930
84415
82989
81799
86303
87861
85729
88786
83776
81425
85646
84970
84362
82276
85440
82372
89472
86972
83572
83862
84759
88583
85060
83779
81982
87955
81961
83495
83859
87841
85161
83416
83624
86770
80025
87411
84639
82812
87241
80406
81815
86137
86741
84982
85827
83240
86979
88211
83140
84996
84046
85681
89740
85358
85099
85675
84099
87414
88426
82834
85409
88783
88068
87246
86391
88883
84406
81900
86105
86457
83354
88698
87082
86951
85883
80819
82859
85811
86475
87117
86500
85582
83819
82462
88078
81810
89559
86447
89226
85174
81230
81727
85868
85038
83647
82399
86018
82632
88977
82320
88146
80492
89458
82986
87023
88422
88324
80753
88172
85256
83860
83497
89137
80025
88739
87610
85568
85701
81749
87183
82852
83685
81916
88608
89455
87392
85579
85460
86448
88885
85497
80500
88794
83360
87271
83895
87883
82458
82468
89357
81535
88903
89713
82791
87229
81738
84701
81265
86677
83575
87598
83634
85009
88688
81633
87982
85844
83541
89800
85217
84280
89388
87541
82589
83468
89943
88050
85705
86825
85826
83401
82674
87196
81458
89096
89447
86292
89392
81806
81094
82605
81706
80118
89822
83644
87981
85910
86846
88843
84663
89584
81897
82759
81143
85895
81094
84287
83765
88305
81203
86548
80169
88915
85881
83821
82837
87893
87401
86425
82545
81004
85579
81841
89541
86372
84140
80488
82675
81930
83600
87582
84489
83134
88890
88272
83299
86463
89421
81873
81687
88011
89042
82408
84507
88029
83457
86920
88479
81648
83055
80050
89781
83249
89812
83217
85654
86927
87960
89424
80956
88309
89466
80186
80875
83668
86980
89341
86533
80661
88920
89659
81105
81324
83587
82033
80254
82021
81846
83784
82175
86900
80756
82163
89343
81149
83782
81468
86186
87826
86732
87359
84341
87366
82403
89965
89875
82009
81071
88118
84937
88322
88419
80696
89644
89789
87274
87447
88723
87950
84627
80909
81387
85026
80774
83072
82267
83112
83171
85287
85798
85046
83590
87588
86442
89905
83526
84091
82314
81670
89419
84380
80401
83097
86272
86958
87362
88055
85462
89687
81138
84679
80177
83937
85071
88575
89781
83645
88018
80002
82639
87881
81117
81463
85456
85669
84223
82483
86015
84779
82859
86445
85355
82021
89500
80350
84896
81149
81439
82090
83785
85922
81145
81406
81838
80081
83997
80107
83827
83051
82626
84287
81619
80030
86678
86314
81641
87786
81762
87192
86540
82972
81592
80495
81521
88047
82874
87564
87813
81013
83382
89890
88008
89072
89818
88685
80582
83057
83576
83532
83825
89006
89317
81688
82609
85640
83381
87160
84950
81626
86510
83932
89170
84521
88082
80937
86593
84071
87121
87237
89192
86134
88716
84696
86378
89928
83172
81954
80179
80519
89179
87944
83521
80519
81651
85334
81958
89804
89428
84347
85287
89739
88047
85184
81791
88864
87957
82930
84509
80306
89172
82288
85889
87251
89187
80704
84479
81771
82171
87559
84863
83990
83960
83964
89980
83132
89155
82404
83162
89355
83780
87974
85755
85414
89349
83288
85024
80214
81976
87265
86202
82061
83183
83950
81986
88056
87452
81278
82586
87489
85240
81277
89495
81289
89177
82576
86560
86667
85460
83288
82654
85923
82094
87351
81263
81047
80541
80219
83639
81234
87604
80452
83825
88731
89919
82176
85836
89508
84284
89665
85519
89201
83271
89348
82232
81469
87017
86463
88390
85468
88934
83229
88091
81495
85181
82962
89629
89006
85161
89860
80470
89223
83080
87307
87481
85298
88634
88539
89603
86635
88266
82205
84991
80370
87138
81994
89692
82244
85916
83846
80353
81150
85816
86476
89151
86468
89943
80934
85179
85006
88918
82779
82836
84794
83993
86043
84452
86316
81460
81630
81301
87841
87985
84047
84471
80426
87700
89447
84620
89925
88382
84825
87562
87835
85851
82937
80821
80207
82830
89990
84858
83973
80953
83504
81451
83059
82351
85853
80924
82416
80292
84957
89335
86717
86735
87359
86528
81887
88317
80475
86054
81845
81318
80211
88335
89905
80429
87325
89187
84102
85778
80921
86827
88418
87596
80300
81842
87311
88155
87003
86220
89289
86171
87353
89545
86341
89711
82043
82692
89972
89857
83406
81992
81299
88842
82869
89682
82238
83213
80812
89725
87123
84664
88543
81570
89300
88629
87439
88267
85200
83472
83415
89527
89188
81167
85866
84745
86091
83706
88947
85803
84725
88205
89655
84554
84968
87612
81553
85273
82960
83279
85177
88098
83880
80249
86165
85498
89403
86044
89983
80130
87424
89008
87760
89122
84920
82768
81169
86763
80945
89310
85578
84867
85633
84276
89746
87656
82855
84647
87245
85925
88682
80748
89459
83436
85175
81624
82544
87049
89198
85304
81052
80896
88900
83174
89041
84106
86340
80764
85453
80986
83295
85606
84313
82405
88746
86519
81843
87166
80717
87650
81994
82577
82249
84922
89103
84139
81063
82164
81358
85294
85215
89101
81608
89507
82454
83669
82684
88625
89342
86627
82832
83395
87249
87368
83118
84315
86292
85935
82768
83580
84994
87827
80250
81769
82982
84918
87616
86159
86407
87966
83160
81041
80913
83617
82719
84299
84999
81540
83127
88606
87360
85403
82241
80110
85436
84757
88752
82216
88802
83577
81536
87179
80240
85214
82706
83620
89423
82803
80712
83794
88932
88806
89846
80438
80048
87284
80347
89418
86217
87766
88902
80981
85355
80091
82837
89433
88319
85520
82487
88309
89725
80569
85369
85701
89061
86498
82636
82308
84579
89231
82967
82981
89786
81576
81618
81075
82544
82042
82611
83736
89740
82321
80231
85417
86314
88529
81902
86383
85996
89687
88318
82726
82550
80610
88232
84507
84538
85335
84727
89045
83664
81573
86965
87084
86595
86240
86442
80590
82857
87101
89574
82266
86834
85752
89106
88544
80243
82782
85237
89743
82508
86767
83677
83386
80421
84985
81852
89241
85165
85180
86426
87560
84347
84555
84954
85188
89019
84278
82016
87769
80851
85200
85510
80079
82579
83249
81883
80683
85658
81022
80070
81595
82647
85445
82644
88345
88261
80076
89244
81004
82278
84600
81770
82075
89493
83394
82989
82887
86807
89632
80233
86156
85162
81366
83682
88719
84549
81216
84366
85077
83586
81917
80451
89367
81262
85782
81661
80655
87389
87370
80739
84015
89987
85106
87727
87786
82411
89428
87590
85576
80359
82154
84139
80147
89070
84174
83620
85122
83998
86347
89399
89617
84050
81513
85154
80372
85065
83910
87747
85713
82637
85971
82507
85777
87607
81468
83036
83835
84591
88258
84887
84243
83777
83554
87400
83603
88867
89507
80891
83027
89537
87194
86948
81070
85071
82619
88078
88845
86937
89228
89207
81116
81973
87608
87584
89746
84591
84539
89541
88798
85956
80375
82272
83761
80424
85848
86264
80947
84726
86819
89380
86896
83318
88244
86693
81811
84159
86694
81147
85492
82739
84104
88847
89016
88618
84144
89396
80495
87962
86579
86030
88655
87601
84299
82551
83674
80981
82303
84025
80771
84069
87886
86062
88329
89716
86486
83118
89047
82307
88230
89710
89522
80612
86068
89687
80970
85665
87588
87786
81379
82243
89078
84575
87273
87041
82214
80593
81495
84004
80885
87982
81938
87441
88076
88277
84980
86509
80488
83092
86551
80485
81635
80443
83195
82788
82509
83174
85298
83199
82604
87537
84704
81888
83073
89369
89385
85950
88101
82478
88490
88978
80209
88907
82185
86872
80102
83509
81972
88563
81964
85963
88884
88634
80621
81746
88861
89897
87877
89892
86931
87916
81521
89400
84391
86216
81975
88060
86066
80411
88374
87153
87976
81878
87981
83003
89229
86752
80285
81658
85815
84008
89854
86144
88129
87164
80088
86648
88497
87770
83374
82782
89771
85240
81840
83619
81141
86842
86893
85596
82712
83656
85014
80577
86105
83219
81950
86371
84367
87197
87311
89816
80819
82925
86888
88198
83117
80941
80508
88202
85756
86749
89156
82846
81538
83948
86250
85953
80103
87608
84449
80556
89521
81311
81205
82375
85161
88622
83353
81971
88583
89921
83495
89542
88014
88524
88663
84432
81155
85787
84809
87390
80500
83494
89029
87366
81129
83281
85129
86205
81041
87013
87107
83994
84467
89142
89467
84985
89348
81861
82864
89084
81150
86600
88535
86640
86562
80830
85214
84979
82256
87471
87761
83522
85846
85286
87645
80614
88468
82569
81562
89249
80996
83150
85992
80771
88784
83295
82291
85314
83081
80426
89037
85278
80731
89747
85779
83433
87676
82859
85088
80389
85868
83206
87863
87135
87706
86837
80200
87066
86862
83350
88846
88549
89456
81131
86214
83397
84941
83047
85277
88880
81778
83577
89260
80866
88989
86078
80976
83535
81035
89302
81913
86717
80099
85639
81722
85395
86826
89595
84633
87117
87851
83984
80502
82191
86019
83024
84688
88368
87119
86042
82763
86470
85149
82903
83197
85875
86682
82380
83545
89132
83700
87711
83472
83109
83450
89351
80942
89997
83330
83551
86319
85290
88566
86780
82784
81403
80563
80280
80459
85003
84193
86042
85966
83289
82991
85375
88735
89502
82275
83885
80327
80754
81529
82172
83277
81892
89042
89845
81509
87566
83760
81547
85272
80949
81578
87608
89687
81586
85907
88669
87522
86783
85212
83167
83610
80605
83475
88906
80436
82084
83036
85133
81850
89552
83094
89495
84637
81159
81342
85044
85674
82554
80614
86080
85837
81515
87257
88021
80460
85833
82981
85710
80146
85187
87370
86640
85069
89907
83940
80403
80479
89554
88645
83346
81086
82070
86099
87890
87235
89860
85394
89282
86337
82646
84391
88611
88891
88179
88618
89876
89613
80962
88488
80600
80694
86033
86494
80033
85994
89548
84181
86332
82113
80411
87296
84293
84712
87526
86291
88151
86198
85390
88548
89803
83936
86655
88133
81370
86537
84110
88682
82449
89429
86032
85076
86651
89949
88312
80013
89008
86452
83904
82242
85766
85596
85176
84299
80664
86867
87583
88882
87338
83667
83672
84687
85752
85827
84927
84460
81663
89304
85173
80325
82060
84972
83377
83998
86215
89931
85530
82445
81564
81559
85014
82708
85946
86651
88360
83185
82935
85419
88624
82460
84958
82874
81753
80955
89667
88170
82237
85117
88680
85844
83140
88633
84183
81599
82128
80281
88124
89225
89543
83370
80781
84618
86741
87493
80336
87408
82924
89307
82740
80714
86533
85407
81645
84711
82883
86990
81477
80315
83194
83010
82801
85129
81403
85757
88077
84966
84236
80393
87612
80800
86894
87911
80060
82747
81413
89132
89182
89854
87243
85950
88736
86847
83962
84816
80345
86803
84109
86645
84995
81688
80137
86754
87400
81144
83186
88261
83894
83541
83002
82406
88755
82329
87657
89712
80873
85024
88980
86577
82567
81776
84570
82926
84977
85413
80115
87907
89994
85081
86363
82222
86913
81172
83537
87706
83156
80093
82259
86983
82306
83613
84099
88664
89397
89017
86766
86417
83004
83109
88662
83478
85965
85214
84995
87684
81782
81771
83017
85939
81705
87853
87044
81201
88292
88994
84901
89511
84858
80088
86152
89384
86619
86801
89098
80949
88586
88920
87860
87645
87293
84392
83099
88984
88305
87405
89913
88910
89102
83803
84292
80632
87441
82377
85114
85464
88561
81109
82164
80142
80708
83352
81863
84401
87396
80066
81495
88145
86501
80767
89617
85474
80880
87617
85001
81028
82518
84230
88984
82631
82389
83175
86437
83079
81207
83934
88678
83027
82009
86088
87600
86440
84134
80912
84078
89803
89573
88217
85234
86408
86888
84282
84596
87418
84952
81024
86302
82119
88602
86161
89595
80822
80968
89092
82602
85163
82722
87398
85078
82269
86780
84496
88214
81157
88093
89798
85878
82044
82081
88923
85736
81829
81988
83009
80567
81900
84982
82977
89804
87636
89175
86713
88825
82503
88906
84565
88858
83474
83608
81310
83479
88658
86365
80783
88644
82495
81876
82742
81956
88614
89963
80224
83419
85599
89974
89630
84359
86240
83479
85108
83333
86615
87530
83384
87907
87350
88377
85165
88977
85722
86068
84452
89954
83980
83599
87668
86567
86146
80418
80373
84326
82897
88994
80538
89729
81679
84874
83792
88190
87124
85228
87942
86388
85043
88195
81107
89191
81790
85536
80286
81709
89658
84068
84916
85076
88070
87154
83019
80590
89839
86105
85915
80539
81519
82799
81173
85660
86961
89010
82424
88510
83591
85035
89038
89289
81646
89989
88195
85608
87615
88884
86901
80553
84486
87018
81676
84005
83037
80531
89243
80659
80373
83077
82384
84396
84208
82474
81335
82785
83940
87930
82567
87333
82505
87972
83623
84830
86183
81575
84793
82631
83074
80142
85827
86034
84780
85958
88663
89073
89995
83560
85169
80955
83164
84037
82286
89157
86141
88705
85641
86778
85875
87832
86685
86083
86536
82120
87723
82430
80237
89523
83816
82736
86487
87615
80481
80480
86900
82231
81338
84876
88291
86385
80432
85295
84283
89557
89812
83259
82802
86386
84123
83438
84455
85504
80499
81924
84640
83816
83803
84780
80502
88861
84408
82372
82340
82064
88141
85295
87909
88675
85758
85859
87234
85968
82360
85032
84997
89887
85539
88524
87334
81737
84743
87219
89970
80750
83302
86603
85034
85392
88899
86995
84581
86134
87877
81417
89896
85076
83705
80738
86987
83297
80157
86403
80320
85076
85353
89458
88814
89256
83625
80878
80391
81926
88402
82251
83972
81327
80783
87785
80679
85425
85251
88267
89268
84960
86154
85143
84291
89930
85952
88193
89350
85458
89012
83418
81967
83779
82777
88701
81017
82686
81505
83557
82496
87188
86447
85868
84442
80370
80349
82895
87254
81475
83441
86012
81348
84088
82731
88681
80144
84968
86301
84949
82664
84552
89615
81426
86737
83442
81340
89128
80711
85292
82092
82824
88889
85441
80683
84633
83460
86330
88948
85449
83637
85336
88028
82521
80883
87954
86112
83980
87657
89466
80070
81473
85960
81192
81151
80150
81068
83219
87983
81241
85363
84094
88471
86182
86884
89407
85883
82861
87364
85401
83393
83900
84885
80773
85680
84110
87001
89735
85763
89273
81220
81998
80239
81186
81052
80889
86265
84603
87504
89051
89260
80084
87840
82318
81098
83085
85721
86234
84796
83649
89422
86453
83181
82967
87707
83773
85809
82775
86194
86911
80555
81039
80512
81312
83704
82741
86452
80230
85136
87675
81418
85155
83227
88140
85952
86209
87494
88153
88922
89608
85657
82396
84995
88466
85814
87483
88450
85282
83709
80335
83102
89317
89711
88467
84108
89692
80043
84793
83789
85569
82048
85221
80245
88020
83822
80729
84493
84332
84448
86882
89141
84381
82201
82833
89205
80458
84628
88723
83572
86458
86187
85088
83810
89701
86257
80414
85580
88834
82773
83277
86717
84198
84466
83650
85212
82903
87756
83913
89785
89382
82710
83860
85519
83683
86165
85547
87098
83920
89109
83249
82620
86404
89700
80958
81633
86782
82966
84876
82104
88208
83106
81187
82342
88038
84604
80010
85560
82821
83892
84893
86712
82491
84189
83477
83538
88545
82306
89003
86315
87745
87717
84245
83715
82424
80990
89148
85411
80804
80809
80943
85556
85934
86218
80845
85129
89812
83499
84579
85279
80046
85132
84910
88266
80031
81651
83142
87376
80015
85904
83075
82250
85660
83208
85354
81522
82758
80217
82290
80300
81595
89898
83268
86126
82147
89998
88681
83323
81734
87583
85952
82333
80098
82803
84648
87590
82924
80917
88991
84755
83782
82775
85069
85727
86159
80460
87020
87736
81830
86594
81093
81061
89124
82933
89024
88412
84867
86317
82507
87862
86688
87757
88628
80389
88242
83539
82131
82511
88449
85557
84102
84302
87290
81782
88245
83154
84935
86790
85320
84055
87991
86524
83495
87853
86554
81156
87374
80028
88367
84781
81290
83795
81906
80960
83098
83048
88479
88669
83125
82591
84545
84090
89210
85397
89361
89843
82848
89200
89808
84777
83306
87662
83767
84232
86316
84522
85804
82789
81427
82709
84047
88995
87432
84199
85156
84244
88435
80569
85040
86100
84037
88660
86620
89684
85917
80527
82312
89438
89631
81952
88162
87588
84842
89201
88596
84901
89403
89394
85599
83990
82705
85911
83796
85322
81543
86591
83419
81346
87379
89102
86385
84700
87318
84862
86860
82345
82405
80143
86573
88626
85878
80588
86871
86798
80941
83260
84079
80309
82284
88564
82033
82292
88105
82916
85866
84140
89716
81849
84072
81758
83926
82414
81690
81187
89362
83191
86032
83622
81651
80010
87810
83546
83935
85538
84736
82710
88606
81341
81719
86957
83317
81689
81624
82558
89361
89436
83241
83605
83302
85623
88571
82301
83417
86116
89847
89509
80906
80540
87790
83801
82138
81063
86540
83435
82229
81153
87412
87181
82161
87348
83168
86714
81344
80279
86867
85422
85008
84716
84503
85909
81187
82256
88631
81198
85123
84397
80955
82734
89929
88232
85485
81604
81068
81757
80255
88133
88797
80869
84845
88943
87098
85561
82972
89941
89834
88485
84294
88241
84846
85137
87205
86042
84567
81195
84908
84646
87338
89246
80316
87429
87057
84071
81471
86384
80077
82926
88036
88091
87312
84876
81196
81425
86408
81112
83811
81133
83542
86394
85031
88539
86898
80321
83737
83048
84222
85911
88179
85886
84961
82186
84927
80549
83458
86874
88910
82822
83445
85130
87674
86887
85607
80281
87280
83074
89421
82969
84249
87053
87651
85818
87853
89955
86879
81733
89697
83788
80293
85314
83028
86777
89587
88500
82477
88822
81247
83519
86078
88127
88811
88516
85291
86232
86699
83773
85494
80179
83144
89411
88972
87362
89430
88584
84740
80692
80155
83786
84760
89199
84557
87668
84024
81869
82095
83956
82836
80629
86382
88483
83175
81733
80384
85162
87456
83477
82318
86796
87250
82194
86100
86008
81536
87759
82380
87328
88938
84463
86207
87441
86045
83053
85202
87008
84403
84974
87735
84044
82057
80395
84068
85880
81629
87493
84657
83941
85808
81629
88928
83204
82904
89558
84664
86098
89611
85615
82883
88782
85509
83937
85594
86317
83988
83217
84101
82054
87251
88240
83718
85697
88864
85469
86655
84010
85903
88379
88621
87866
84171
81856
86258
89439
84191
84019
81902
83767
82723
88105
89359
89569
84394
86687
89417
85289
80708
85413
86592
87631
89185
83719
89300
81522
83646
85511
84042
82393
87802
83679
80477
83948
88176
88499
88322
87188
89156
81453
88908
89326
82501
82845
83909
84492
85963
83641
81279
81591
80877
89477
83747
88581
86534
87445
88372
86531
89957
84376
86573
81311
83281
88695
82848
85550
87378
86580
86946
88551
89583
87194
88644
87292
85419
81025
86469
87324
89080
80023
81750
88424
85089
88122
87154
86182
84021
86002
84550
87363
88502
84500
80437
83852
81747
86937
88490
87236
89878
81815
87796
83711
80930
83845
82275
86863
88040
83046
81461
84104
81653
88804
85330
81059
85731
88192
86187
87061
85947
85599
88759
84022
83638
83783
85575
80450
87873
84823
88513
82130
89441
83120
88899
81096
84758
81612
88008
84901
84761
86655
86940
88919
83691
86650
89911
85434
85348
84427
87785
84612
89868
83639
89322
84096
82364
84975
86073
85922
85897
88877
83083
81765
85111
87623
81673
80046
83665
81117
82432
81406
88059
87576
86250
82204
82865
82366
88741
89266
87518
85722
88723
82915
82779
82796
84552
89491
85819
87559
83066
89017
86433
85424
84643
88441
83338
88172
84447
85980
88716
88725
84351
87497
81230
82648
82168
81529
82561
87846
84885
85649
80214
83881
80393
83143
89798
87583
87833
85659
83271
82140
80139
84449
85780
82789
83622
80073
82591
83347
88494
88060
89375
84366
81129
85889
83639
85461
83559
84889
82437
81518
88190
89161
81681
84887
86077
82488
85343
83425
85213
83326
88615
87324
81224
87442
87720
85991
86650
87550
80478
89969
86547
89359
85937
81854
87521
83876
88461
84486
84525
86497
81480
84296
84745
84464
88798
82651
80720
85573
86818
88233
85491
82719
89366
89107
81004
80772
87835
83946
87269
84585
83368
88110
83833
89526
84457
81716
87014
88801
82924
83713
86055
85076
83566
88021
88850
87409
87951
85281
83209
88364
80792
86476
82801
80296
88154
82758
87811
84303
80306
89160
89148
80069
88507
88599
81593
89953
84189
86505
85665
86045
81057
85787
80175
84645
85510
86412
87470
88642
88402
83835
81146
84593
81681
85752
81708
87975
86715
87204
89029
87035
87222
89927
81793
82927
88641
83039
83109
81440
87508
88631
88438
89495
88929
87639
86600
87817
87626
88511
87205
89704
88158
83584
88125
84670
82930
85861
84786
84863
82391
81916
88992
81640
80389
85025
88761
89467
89129
86310
82230
84361
82348
80677
88044
84532
82400
88625
81882
81584
86788
84635
83751
81636
82338
87772
83506
87101
80695
80377
82715
81479
87117
86293
89383
81504
85634
80918
88377
83239
87569
81584
84397
81329
87132
88226
86276
83502
87357
81157
81064
85611
81978
84818
83860
86081
84046
83873
84691
82399
80024
80719
86861
86493
88920
81543
82140
80269
89611
81449
86941
87382
85910
87829
80167
82367
88205
85180
87848
83698
82465
83840
81826
83028
82349
89759
89809
88892
87736
82355
81901
89509
83538
82728
84370
85943
85914
85076
84851
83874
89110
80036
84441
89485
85080
89825
81241
82567
89760
81583
86734
87840
84408
87105
81139
83717
87779
84272
86355
86230
85083
87936
85447
84715
82616
85733
85754
84972
82789
87381
88655
85094
82863
84375
82772
88934
82097
80669
88987
82260
86279
83944
85004
87050
85632
81346
84413
80107
81931
83233
80205
83170
83356
83346
85510
83061
81071
84127
84976
82052
89809
81414
88647
80584
85849
83632
86444
86770
89691
86789
85467
89683
87456
88058
84163
86333
84594
87554
87149
85464
87803
80023
81975
84806
86277
85585
84414
82267
81338
81440
82043
85715
84307
84484
86772
80418
86104
88142
85794
88039
88425
85447
86962
86142
85634
84330
88989
82554
88499
80451
89089
84681
85791
87481
80653
89851
87403
84684
81404
89143
83149
86907
88089
83780
84675
82634
87230
80130
84021
81609
82703
86648
81312
84758
89997
83679
85733
85597
83872
84918
88551
84125
80866
87569
84244
81347
80565
86743
85984
84965
89916
88506
84722
84546
82965
85082
86862
87531
84374
85256
84167
85797
88806
82717
80935
86192
89865
85240
87684
87448
81648
87948
87693
80165
83153
84648
82517
86212
80833
82250
85340
88800
87358
84595
86436
84724
85330
83700
83366
85845
83113
88375
89580
87732
86204
82436
89065
89588
81657
87339
81362
81050
84940
86961
80851
88295
88318
85441
86535
83962
87343
82569
83724
82871
87382
84990
87016
88236
85232
85687
84729
81139
81808
88650
88579
89401
80681
80412
88782
80660
83781
85224
84013
88465
89998
86051
87683
89511
84569
89261
86841
84730
87202
86933
87696
86931
84662
87024
82213
82871
89203
88295
83533
88250
87677
83867
84074
89944
87412
84528
89093
81012
83994
80543
80190
80479
83030
88564
87815
81713
82607
88503
89158
80339
85709
83713
87990
85060
82167
86702
85990
82489
87840
81710
80889
80175
84694
84978
85368
80353
89181
83295
82051
80644
87922
81511
84182
86918
89047
80080
88593
87841
84776
84436
87447
80251
85809
89022
87884
89429
80937
80117
84196
88589
85901
83274
85436
87456
83985
83143
82464
80672
87088
85706
82375
82962
80087
85577
84948
89475
83197
83887
85324
86512
86714
85496
89458
80015
80061
87821
84066
86559
82359
87363
80755
84387
84885
84217
84833
80066
86737
89268
82875
89691
83768
83586
89567
82290
87436
84586
83545
87028
84605
88961
84017
85150
81504
88072
84792
82213
85103
87516
80009
86077
82943
88954
86344
81382
88125
88882
89754
81790
89591
86050
80928
87146
89098
86452
82535
83877
85360
82449
83064
83466
82707
80449
86633
85623
86321
89799
85453
89907
88607
84069
81834
81982
81595
84739
89574
88431
88373
86461
80381
87115
82544
82513
89572
88413
88415
88860
86708
86408
86224
85308
81059
88011
86094
82641
88825
82381
81585
85353
88910
82587
88751
80596
86684
86398
89395
85318
80673
83325
87890
85214
85399
80609
89353
81052
84682
81708
83226
80262
83658
87014
80392
84199
84478
88036
83844
84452
80184
83084
82614
84736
83649
84620
86175
88473
83589
85841
81870
85959
87670
86853
81032
89204
83491
88812
80431
86976
81868
87785
84421
87361
83218
88783
89749
80225
87098
84392
89364
87399
86982
81745
83767
84070
87230
86194
88448
80941
86840
89971
83773
83012
85070
89382
89341
87524
87330
84614
88250
80545
85784
82127
87988
88959
88102
80765
83732
82214
89452
89229
86725
86082
87417
84357
85103
88890
86849
86766
87028
89205
81852
82858
86353
82826
85045
89925
89128
86025
80074
84147
85240
81513
81927
89653
83223
83316
81021
80488
87849
86889
81265
86316
89503
81161
89357
87031
81524
89929
82388
81012
86728
81042
83540
86740
87136
83165
81105
87715
81566
81544
84362
86162
84190
86168
80953
81908
83444
88001
84306
88964
84711
81535
86383
83868
82114
84834
80583
86634
84430
81416
81973
87271
87675
81901
87181
88280
82198
87126
84288
86276
85274
88634
83805
83921
81147
86876
85477
86761
89205
82246
82028
88199
87552
89164
80206
89863
83652
88814
81536
83918
85868
81863
80034
88493
89778
88511
81791
87330
80937
89552
81839
89997
81407
88791
86982
89578
80822
84118
89381
80607
84008
81800
84611
81204
86256
86178
89617
89867
84229
84811
80557
89158
85183
87355
87859
85690
89686
84978
85985
88188
83355
85948
88390
83203
81243
82184
83935
81062
84481
81032
89623
83057
82516
86281
85957
84505
85884
82541
85418
87356
83813
87511
81636
80286
88166
87346
86652
83875
80253
81396
86356
83358
89829
83899
89644
81726
86273
81882
85160
81467
80353
80458
80541
84142
81265
89030
83064
83150
87699
84439
87259
86539
83562
80049
84651
83528
88709
82944
83088
80518
82501
84944
88335
89811
83386
86987
88556
86981
80784
80582
83105
80932
86527
84472
80662
84007
81878
89467
88141
88221
82687
89450
81069
87678
89667
81993
88116
86533
82949
87706
87369
86490
80083
83492
89567
87743
84483
81203
84011
82534
86952
89843
86161
81029
86356
86434
82004
85109
86779
87941
83234
86846
87590
84210
88989
84913
89686
89821
84424
84015
85925
80928
83786
89507
86244
81708
85776
81838
88275
83866
82014
83179
82429
81805
85159
81645
86350
85525
81890
86912
87403
83085
87341
84702
83426
84574
81803
86583
81383
89896
87590
85883
80724
83436
83767
80082
83289
89656
89138
85023
84398
85038
89363
86505
80426
83427
82359
80369
86585
83787
87249
83089
84910
81671
86028
81032
86514
88290
83870
88046
84067
83952
83497
87876
80132
85876
81443
89970
84538
83901
89144
84733
89239
81441
89834
86972
82309
83210
82952
84375
83598
85668
81422
81215
83400
80960
83557
86151
82005
80158
80555
87007
82430
87064
82639
84700
80788
89507
81696
83116
88796
81114
85977
81665
80715
82871
82866
82482
82679
80424
89046
84810
85788
80061
83475
84966
85622
83559
87497
81456
89900
89700
88163
81333
82882
88134
85365
85661
89828
89490
80723
89103
87312
84177
86373
81044
85545
81117
84735
83451
86966
86845
86168
83674
81318
84844
89999
88816
81191
84773
85846
81937
83580
81325
86367
89382
82393
82863
89624
82802
84041
80681
89087
89095
83243
80782
81998
86377
89028
81374
82245
84382
81513
80972
82250
83207
88515
83922
89419
85234
87297
82458
86652
81187
80830
86994
83142
82820
89828
89234
81208
81533
81517
85920
87278
84290
83619
84536
80310
85718
87319
86161
88901
87937
86166
84766
89131
87777
88770
86768
88801
84384
81923
89375
80128
88907
87367
81386
82196
81949
89783
85491
86498
83771
85797
86823
83764
86864
83800
88569
87933
80423
82199
81735
83595
81509
89361
82871
86543
88258
81938
80465
83159
86316
89552
88045
83276
80923
82861
89568
82901
83521
88931
80612
87706
83573
82526
87074
85557
83420
84446
81630
86526
86412
88359
87012
81789
86295
85711
84346
88615
88922
84238
84244
87262
85670
89382
88100
87003
81692
89462
87155
82728
81069
84850
87293
80620
85269
88598
88214
81257
80933
80974
86698
81149
87930
83167
84974
89193
88867
86095
86894
82856
86817
88655
86530
89937
88870
86042
86137
85739
89312
82827
82980
82172
87723
87366
87426
84849
84098
83814
87934
86622
85199
85525
82078
81133
83806
88949
86596
87949
85245
80248
83589
81659
83657
87840
84477
80880
83820
82801
88075
89560
83029
85645
84259
82190
81537
82393
80074
86565
89345
85025
80863
82615
81781
81426
85011
83452
86209
87762
87252
85310
87469
81844
82104
86289
80205
89510
86013
89961
82105
87283
84002
88805
83254
83660
84256
84131
83305
88265
81953
83751
89971
82787
81863
85962
89459
80150
87776
88590
81916
88669
85637
84827
82673
86088
86441
83379
83156
84348
84381
89032
83685
89678
85535
81194
84065
84199
82451
82165
86892
84578
80408
83940
82753
80510
81818
82214
86173
80783
86290
88909
86061
87518
85183
80025
84654
89803
81160
83925
84526
86402
85179
86228
84093
83457
85670
81449
88223
87196
87205
88218
82048
83528
88895
84464
82914
86109
85925
81299
87474
81985
81214
89520
88405
89211
87971
80588
87946
84015
88105
84780
83530
85990
85900
82783
84136
88584
81135
83413
84676
88719
80926
89402
89734
83746
84954
85193
87262
86152
84484
85579
87471
86451
81559
81652
82090
82487
81151
81037
84395
89047
85634
82646
80975
85095
87974
82328
82083
87227
87247
84668
88573
86993
87733
87945
89945
86639
80694
83785
89821
82514
86190
80407
82274
87877
80785
88521
84899
87189
85856
81917
82224
82098
80349
80570
86139
85271
81310
82703
88375
81977
85261
83656
83774
80926
83626
83628
82031
85227
85766
83426
89968
81526
83927
87185
85946
80423
85407
83699
83018
84047
88618
83475
87615
87342
81323
86937
86156
88037
81337
80261
82811
86551
82228
89294
87855
81138
89150
88709
87519
85478
82846
83075
83068
85622
83052
88920
88950
80672
86098
81980
87295
86949
85286
81843
88773
88504
86826
86968
87904
87783
88542
86675
84250
89016
83344
83100
89624
83479
84561
85362
85436
80152
85609
80210
83608
87496
82194
88280
89094
82098
81293
82757
81997
87719
87439
87717
82500
83959
83559
86708
82388
87167
80514
88247
82811
87493
86808
83805
89126
85064
87492
85604
80131
85132
89210
86069
80831
86747
86539
88149
84977
82025
83292
85882
86075
83389
81305
87542
83273
84312
88378
89524
81623
85016
86486
87711
84564
88373
81172
84478
80155
82789
83117
83728
81597
88267
83265
83395
86872
89030
83624
84689
81942
81090
86862
80043
86919
85978
89174
87193
84808
82488
82525
85099
88023
86729
84371
88542
88733
87033
85197
82140
85263
84362
86822
81236
88294
80707
87323
86685
87392
87710
81625
82890
80517
85210
80346
83627
86621
84764
83317
88156
84138
86322
88355
80924
86281
87172
80309
81762
87390
81043
80204
89887
83271
81827
89367
84267
82471
80743
88853
84925
84713
88009
80155
84632
87367
80040
89257
88092
80732
81064
82399
86208
88183
83645
88565
86296
87757
86085
80704
85246
87652
85885
84929
81508
89276
87589
84553
83533
87986
80143
83713
86843
83455
83657
83545
89238
88738
87939
82393
83838
89525
85503
80399
82601
82823
89873
87923
88807
87361
85976
86766
85532
86381
83160
82877
88604
87165
82942
89387
86747
80634
82991
89137
88646
88666
86042
86643
86534
86406
87431
80431
88571
81751
87796
88021
87745
84469
88091
87497
83344
82939
82527
81552
82121
87379
81306
82176
80205
84620
89088
86752
83558
80961
87025
89209
84272
86460
85863
83103
82403
86123
85168
87034
88177
80901
89019
86614
87384
84138
81648
81381
83578
87158
87491
89509
84290
81086
88806
87928
84895
80632
80671
80568
82980
89596
87474
82840
88124
87152
87277
86173
86840
88566
80396
82458
80088
83968
86385
84587
81284
84021
89240
85926
85959
81890
84092
88511
80396
86778
89907
87063
85423
85507
81794
83460
83323
85064
83395
84254
80326
80891
84552
81991
84515
82783
81914
89648
89155
82701
80522
86324
84410
86561
82496
81468
86215
85094
84928
84405
89683
87261
82827
85696
85830
83379
84551
86926
84629
84114
86516
85956
84454
85797
81215
85370
87823
82140
87537
82850
86012
87369
85245
83602
80612
86018
86072
86555
88339
80208
82369
88047
86587
86073
80471
88976
81063
87218
80048
83998
83600
84540
82566
84221
87794
88593
81705
88095
82444
82771
86063
88706
87949
83021
89834
89503
88801
82549
80235
84680
86088
88026
81460
84846
87547
87179
83643
83443
89096
86341
81932
84416
81028
80502
85120
87062
84074
87742
85521
89710
85400
84519
81732
89864
82279
88244
83807
84836
81635
88775
85950
83502
86976
81088
85317
86805
80306
87167
86760
81879
85549
86420
82412
82284
81733
80350
81933
84720
88715
89080
83874
80812
85609
84393
81189
81081
82207
86422
84198
87047
86701
88854
82470
86582
88768
80561
83034
87061
85722
89947
86062
80663
80807
81992
80789
86246
86987
86945
83778
82632
86574
83955
88838
88839
86945
82504
82949
87820
85204
89498
85329
81639
80192
80056
87425
87606
88474
85628
80076
86926
82072
83948
80328
89623
89640
81470
84480
82143
89452
80482
85786
86917
82188
89854
84996
86361
83791
80521
89360
87364
83868
84234
81091
86087
83095
86831
89406
87118
83841
85369
81184
85429
81862
81815
84090
84391
83319
84654
82538
88187
80607
83812
81282
82348
82516
83545
83597
81876
89099
82616
81061
82409
89300
80969
89713
86253
89868
87386
83056
81745
87354
83147
85775
81356
81128
82605
83339
81258
84240
82737
81688
82620
80685
80263
88123
82839
82187
86709
89202
83095
84944
88907
83953
87175
86969
84877
81041
85304
89620
82753
86656
85926
82720
83494
85842
87792
81249
86489
83748
84524
83039
80817
84843
83887
81097
83965
87538
84413
81239
84073
88834
82736
85583
81412
88654
86007
85084
89733
86313
85126
89801
88364
82215
86143
83871
81493
86352
89160
83248
81941
81373
86352
88214
82906
82133
83295
89370
82671
85462
80692
85370
84050
83631
86813
83011
82492
82469
84476
85460
84166
80433
80241
82374
88123
88058
87648
86454
84667
88152
80765
84604
85445
85879
89124
88243
89443
84431
80183
86578
83078
86379
80865
88675
81868
82996
85432
85014
85799
83844
82987
86892
80423
86748
84223
82503
80976
83909
83690
81826
87358
83362
80833
88555
83683
86242
80294
86201
87298
89377
89589
87269
88650
89655
80173
88895
85206
81246
86075
85733
89722
89340
82880
81019
85626
84324
88612
89732
89987
88485
87246
83548
87619
83283
85054
85903
88241
88967
89738
86883
82286
89906
82414
81903
89943
88377
82885
85160
82332
86761
89396
88712
83338
83087
85035
80694
85537
87719
84336
81667
83907
89581
85247
86379
86590
88790
83617
89328
82798
88800
89614
86421
84176
85267
88087
81779
87421
80696
87779
88232
82735
83639
87511
82463
84857
88749
80971
80857
80808
89258
85619
80158
81247
86659
85311
87770
80392
83239
80761
80185
82829
81942
86707
84403
84200
84558
89732
86466
86786
83656
86117
83250
80261
85844
84787
88516
82568
83990
86457
81900
85753
83815
86403
89980
86852
85934
84964
81859
84505
87863
86808
87819
87800
81759
87292
88493
85063
82743
81838
83742
86793
89539
82125
84973
88746
83853
81137
81979
88289
87434
87608
85539
89596
86077
89260
80016
80971
87962
83377
85963
80655
89674
82705
81367
85866
86998
84479
81550
83453
89181
80417
82016
89579
84701
85972
85528
80152
83812
87806
84595
83310
88128
89495
83180
80241
80330
86814
86936
80830
87733
85588
89577
86200
81864
87070
84065
81069
82498
88072
81246
85050
88651
85678
85265
83479
80908
89250
84648
85204
89185
85666
80297
86847
87506
87243
86792
80524
82730
85648
81384
84707
87251
89235
85862
86012
86703
85727
80056
83032
82404
86920
82187
82038
84879
87187
80465
88353
89177
82948
82421
86519
84899
86005
83264
86982
83852
89639
82271
86976
86076
82727
86651
88499
80627
83780
85642
86865
80944
83750
83697
89160
85879
83773
80530
83111
86559
81537
87524
83405
86110
87935
84533
84247
84005
83819
88480
84116
89262
85232
85316
81084
87090
84314
89867
84797
81666
82242
83901
84318
83717
80005
81362
89334
85317
82631
81105
85987
85883
82512
81710
87508
82736
87936
80010
84201
86815
83603
84789
86913
89106
80939
89792
83048
86191
87382
85672
84462
83954
85423
88770
82098
86934
84189
85755
83114
87057
88602
87030
82415
89564
83753
88584
82023
85845
85012
81467
88496
82566
87640
80454
80748
83994
83147
88602
88043
89767
83531
82406
80688
83446
88637
83030
83988
88189
86370
82710
89427
84593
80255
81836
85685
82362
83925
81434
86127
81831
87538
87845
88681
83559
86796
81209
88654
84235
81317
87056
84978
84955
85407
80789
85585
83557
80938
88098
88212
86158
89032
80502
88774
84290
84469
84079
80639
83109
84384
81204
84628
83023
80680
89663
81371
81817
83807
80820
84771
86803
84089
88739
87755
86915
85615
85097
89244
82744
86851
80526
84315
88497
81612
81652
87920
83598
83792
84465
86179
83235
89339
88927
88292
86530
89376
86754
86390
88232
89072
84140
80290
84799
87882
83882
89028
88603
88137
86851
81310
84597
80596
80995
82554
82245
87545
87234
87096
81760
86293
85467
80279
87793
88521
80656
86664
85574
83813
88519
87398
84216
88945
82665
81905
89413
88001
80230
86468
83050
82246
80994
85057
80431
82821
85805
85776
86725
83799
83681
89693
83028
87914
83444
87493
88985
82351
84896
83389
83328
87406
86659
85029
85852
86523
82593
82754
84387
82239
86409
81515
88135
88925
84577
83961
84365
89828
80875
83812
88943
82924
82093
84461
82376
87324
83259
88965
82186
89601
82535
84039
89258
87276
80432
82526
80542
84939
85377
85874
82981
86980
87801
80644
83861
89778
87933
80767
80918
85303
88234
80350
81486
87586
80042
80206
83712
83274
85402
84939
84470
87564
89276
86428
87956
87230
84386
83874
86161
83153
80784
80139
87429
85804
84907
89122
82130
88452
88368
89065
85092
84541
85013
82331
82927
87610
85879
82988
80591
84447
85603
89769
85637
84718
80569
83441
80483
83237
88611
84437
82705
84244
82454
88717
80911
80588
84219
87267
89020
84549
86334
87363
84963
81180
84944
81826
80725
89525
85544
85815
89430
81817
86959
89430
81737
85893
89043
88351
88200
81409
81479
84091
86443
86198
85949
80010
82007
85114
81589
89211
89558
80043
84118
85658
86765
86427
82352
80425
86620
88599
81866
80846
85216
83498
84545
81524
81093
89937
84436
82645
89113
88477
84888
82861
86564
85202
89319
81104
81666
81167
88098
84156
84997
88196
87020
84506
82483
80783
88646
86119
84539
83385
86376
84082
89725
82099
82540
87793
82832
89880
86029
86345
86707
84774
82010
89051
84333
81432
86152
83717
82667
87143
88425
80137
82593
84975
87032
86600
89937
88278
81318
82687
80995
82757
83609
82567
82230
84578
83841
89130
87905
85604
87574
80829
81284
89706
87530
89885
84735
87349
81133
82643
81582
89151
81717
80279
87875
82967
89026
80836
85371
83195
85435
81581
87986
85456
87914
84086
82715
84594
82184
83083
82615
89006
84731
84155
83802
89740
80396
84638
80631
88484
88102
86705
83237
84614
84956
81559
89426
87795
89431
88888
88542
89299
87634
86306
88396
82130
82760
89360
87591
87362
86766
83872
84644
81663
84994
88885
82213
88874
89055
80271
89404
86734
80606
82197
87678
88376
88830
86064
86155
87035
87416
84283
80305
81568
82613
89313
83897
89870
82540
86742
87904
87006
89359
84891
81573
85003
80126
82400
80298
81620
89207
89566
82114
86148
84962
88833
89632
81306
86102
84752
87075
81629
88571
83968
82704
80417
82130
81375
85346
89258
86881
89419
80052
86414
83933
83727
81913
82965
81091
89732
89011
88481
84041
81761
85143
81224
85809
88196
80470
81397
82477
83712
83576
89806
81089
82386
81559
88433
86493
83479
85691
83904
87449
85105
88997
89587
88774
89661
88628
87169
85483
88878
80311
83933
86983
85686
84350
87696
84166
84680
82670
87375
89977
82922
84202
83494
84450
88047
81553
89597
88556
81205
85363
82488
87255
88241
83974
86498
81101
83683
85160
84580
87460
88628
83501
86896
86939
85395
81718
85824
87989
88945
86782
84796
82801
87511
81924
87237
80598
82600
83821
81017
80215
81617
80185
83301
82463
84689
86711
80443
84190
80999
83956
87676
80174
88885
84068
83720
86040
88305
84507
86189
85226
83859
80887
84659
85702
81515
83919
89613
87626
82406
86036
87154
81397
82640
81766
81285
86697
88934
82134
87894
86988
86044
87490
87112
80704
83486
85021
83660
89887
85824
86903
87983
89377
82945
82563
84498
84854
84143
83843
87146
85956
82609
85000
86551
81560
84952
80408
87578
87846
83777
81587
80853
86236
89989
81793
86887
87488
85525
80726
86856
80290
86493
84170
89795
87548
81331
83345
81995
81219
88532
86606
80725
87024
83711
81730
81062
83682
86365
80497
81547
87371
82534
88540
81705
81086
80751
82475
82010
80252
85179
83245
84810
80521
81617
89295
82911
81008
89197
85692
81079
86417
83007
85651
84522
84456
80641
89043
87582
80759
88710
88413
85339
82113
83733
86805
80574
80219
85503
83252
88666
82444
80023
81177
83363
83048
83400
82148
87095
88245
87718
82447
80530
81098
84841
82724
87401
87755
84329
81651
82273
84798
87223
82924
80913
88598
88311
81245
85173
81468
85685
86972
86882
86165
87859
80992
88180
89789
85580
81123
88889
80524
87519
88798
85085
85806
86519
80153
86842
88477
85779
88742
87292
88310
82427
88089
89589
89845
89314
80993
83160
83935
84513
89136
85692
89601
82036
80868
82720
84847
86564
87293
82398
89945
89613
86748
89035
84354
84490
85622
85351
88920
82638
89073
80022
88304
84523
88659
84081
84670
84090
85158
86991
82608
86988
83930
80804
86954
89269
87036
88721
89762
85063
81061
82583
89996
88857
82068
82338
89689
80434
89448
89381
83299
88272
88554
84801
82783
80266
87975
83045
89499
88987
81044
81273
85485
82407
82745
84768
80873
89968
82608
89177
81249
88227
81307
81054
88611
89893
83769
89214
82261
85017
84354
80743
81432
83338
80336
87146
89739
82357
88371
88116
82665
86555
84856
82616
83187
89371
85207
89637
87389
81052
88923
83813
81447
82278
87043
84357
83728
85600
86060
89254
80896
84153
87746
80525
84917
89852
87404
80488
88642
81324
84072
83449
81224
85236
84922
81992
81085
83297
82695
82138
83342
81280
89382
87068
80660
85646
81558
84767
81346
88035
82811
81020
86159
87765
86490
85509
85820
87767
87659
85393
84441
89910
86595
87764
80255
81567
87397
89580
83910
86427
84377
81336
86315
89066
85783
88573
82602
84605
89074
83581
86077
81888
84518
88152
86231
81041
84182
87083
87851
84041
81508
81298
84051
89952
82652
88881
84671
84876
84481
82129
82880
80336
85727
88798
87066
82805
87165
86125
82140
81406
83891
86906
84209
80423
87763
87966
85271
88196
80929
82663
80048
84211
81953
80735
85354
81772
84547
80766
83523
84476
85132
82803
85314
80944
89551
81264
84460
83695
81139
81172
85542
84911
82041
83951
89258
83929
87180
82565
84288
88732
85621
89601
82959
86467
87177
86059
88688
86058
83078
83070
86806
89367
88275
83541
86755
86026
89517
85808
82898
81059
87733
86786
83216
83731
85439
87818
80028
80665
89917
82437
84512
86198
80711
81610
87322
88219
85634
88680
80843
88251
82936
83170
84770
80431
88519
89907
85586
85218
86179
87506
82251
80165
85723
88146
84959
81858
88529
88795
81164
80308
82597
82559
83261
89448
89481
87673
85250
85176
83634
80789
81557
85429
80608
80709
89722
85127
84369
88443
80150
82533
85497
89602
80292
82552
81476
85512
87696
86800
87439
80142
86212
89902
80781
81004
82307
86403
85829
83461
83908
82912
85434
89587
82506
85689
84775
84640
80334
84693
88936
86525
88371
81365
89871
86177
87626
88851
80285
89707
85729
80217
81629
86388
83174
82303
80937
80039
88754
80308
86537
85252
81699
80944
85824
84013
88803
80037
89214
82764
88452
83840
83153
84717
89869
82001
81659
87307
85122
84106
80209
80095
83479
81056
88043
84117
82563
87126
84892
89735
88397
88496
86045
86344
86941
89299
85216
83975
82987
86768
88197
83773
88398
82951
81489
81620
80585
81632
89206
86739
83845
85595
88410
85058
80729
81182
87755
85264
87964
84193
86806
84065
81598
83642
83735
85969
89053
87589
87230
82074
81522
88354
84391
81790
88783
82776
80156
81229
89896
86861
85369
82049
87488
83159
89989
84977
80370
83519
85128
82902
89087
89483
82626
89509
81655
87530
83697
80714
82236
86585
88785
87838
83787
80827
89262
83411
86805
81630
87829
82788
80232
88713
88543
87313
87303
82015
89327
87705
88645
82678
89454
89532
87326
83575
82056
86161
85664
87304
87010
88436
81651
82285
82682
84445
83574
85664
85972
87243
85065
85094
88854
83139
89203
80145
86185
88269
89533
88086
83922
86555
87892
88100
89112
87879
83811
82598
83013
81327
87898
84236
86515
84673
82105
82489
82698
87957
83079
84173
84777
85950
80867
88207
88964
81580
84210
86057
80839
89988
85343
85818
80724
80768
81788
89680
88217
84181
89973
81675
88596
85633
85669
84982
84091
81566
89231
85872
81170
89043
89397
84376
80936
80789
88027
80164
83488
87214
89569
85800
88663
87034
83254
88505
84977
88499
83096
85913
85766
83976
80591
80875
86547
81626
87701
85339
80432
89273
83168
83554
89083
87212
83517
80395
85102
88655
81181
81519
88069
88808
86128
88186
80454
86136
84070
81113
81556
82293
83904
84520
87296
80399
89357
83657
81210
84878
84996
86512
87320
89884
84746
83172
88658
87539
81817
84335
86227
81620
82589
83874
81872
87142
83387
88999
85173
81350
88315
85596
88803
87062
88376
85587
89025
84970
86926
87818
88001
87590
84206
83867
82399
83837
84163
85457
88443
89895
80053
80674
86963
88974
81442
82082
83301
89862
84116
81003
85970
81727
86160
88724
84865
80568
87989
87201
84512
80885
81478
88941
80364
84695
83501
88193
86458
88835
82173
83299
80897
80673
89861
83139
81561
81767
85671
88942
88209
88839
81477
86453
88710
81476
89859
82405
86534
86395
89283
83580
83800
88807
81771
86341
89238
82462
80938
89463
83195
81264
83760
83326
82478
87021
87745
84098
86270
89848
86251
82397
80611
80018
88640
82104
83000
82636
88676
86502
80584
89432
84100
85712
85071
85157
82699
81513
85021
89600
85329
83093
81503
80104
84328
89971
86234
83566
86574
86443
82241
81409
84009
85232
85899
85770
80903
86723
85709
80234
86320
84164
87608
83854
82332
84487
88794
82907
83350
89080
82026
80860
89614
88702
80239
83349
88376
82050
86888
81644
89573
87974
80924
85023
88932
87268
86554
89753
80312
81096
87000
89959
80876
89638
88357
83591
87165
86336
